代码,时间,开盘价,最高价,最低价,收盘价,成交量(股),成交额(元),流通盘换手率,全流通换手率,复权系数
SH600880,1995-11-15,12.9800,13.5200,10.7000,12.1000,5989800,73005000.00,0.46075385,0.119796,1.0000
SH600880,1995-11-16,11.6800,12.8000,11.4000,12.1700,4053900,49602000.00,0.31183846,0.081078,1.0000
SH600880,1995-11-20,11.0100,11.3000,10.8800,11.0300,1192900,13223000.00,0.09176154,0.023858,1.0000
SH600880,1995-11-21,11.1900,11.6500,10.9800,11.5000,1186300,13371000.00,0.09125385,0.023726,1.0000
SH600880,1995-11-22,11.6400,12.0300,11.4700,11.6800,2677200,31439000.00,0.20593846,0.053544,1.0000
SH600880,1995-11-23,11.6000,12.3400,11.5800,11.7500,3443000,41471000.00,0.26484615,0.068860,1.0000
SH600880,1995-11-24,12.0000,12.0900,11.5000,11.7200,1538800,18238000.00,0.11836923,0.030776,1.0000
SH600880,1995-11-27,11.6800,11.8000,11.1100,11.1800,1151500,13074000.00,0.08857692,0.023030,1.0000
SH600880,1995-11-28,11.3000,11.4300,10.7000,11.3000,1384700,15230000.00,0.10651538,0.027694,1.0000
SH600880,1995-11-29,11.0000,11.2700,10.8800,10.9400,807000,8889000.00,0.06207692,0.016140,1.0000
SH600880,1995-11-30,10.8700,11.3800,10.4800,10.8400,995600,10775000.00,0.07658462,0.019912,1.0000
SH600880,1995-12-01,10.5000,10.6000,10.2000,10.2200,993700,10338000.00,0.07643846,0.019874,1.0000
SH600880,1995-12-04,10.1000,10.3700,10.1000,10.3000,321200,3285000.00,0.02470769,0.006424,1.0000
SH600880,1995-12-05,10.2900,10.4900,10.2500,10.4900,291000,3017000.00,0.02238462,0.005820,1.0000
SH600880,1995-12-06,10.4300,10.4300,9.9500,10.0100,812900,8198000.00,0.06253077,0.016258,1.0000
SH600880,1995-12-07,10.0000,10.2200,9.9000,10.1200,236600,2384000.00,0.01820000,0.004732,1.0000
SH600880,1995-12-08,10.0000,10.5800,10.0000,10.3800,992500,10323000.00,0.07634615,0.019850,1.0000
SH600880,1995-12-11,10.3000,10.4200,9.5500,9.5800,746300,7452000.00,0.05740769,0.014926,1.0000
SH600880,1995-12-12,9.5300,9.6100,9.0800,9.4300,701800,6569000.00,0.05398462,0.014036,1.0000
SH600880,1995-12-13,9.5000,9.8800,9.1500,9.1500,755000,7238000.00,0.05807692,0.015100,1.0000
SH600880,1995-12-14,9.1000,9.3500,9.0800,9.1600,346900,3186000.00,0.02668462,0.006938,1.0000
SH600880,1995-12-15,9.1000,9.1000,8.6500,8.7300,475500,4207000.00,0.03657692,0.009510,1.0000
SH600880,1995-12-18,8.5800,8.9800,8.5000,8.6900,547800,4777000.00,0.04213846,0.010956,1.0000
SH600880,1995-12-19,8.5500,8.9500,8.5500,8.7700,373000,3279000.00,0.02869231,0.007460,1.0000
SH600880,1995-12-20,8.8000,9.0000,8.8000,8.9900,469900,4193000.00,0.03614615,0.009398,1.0000
SH600880,1995-12-21,9.0000,9.0500,8.5100,8.7100,389800,3478000.00,0.02998462,0.007796,1.0000
SH600880,1995-12-22,8.6000,8.7200,8.5100,8.5800,329000,2832000.00,0.02530769,0.006580,1.0000
SH600880,1995-12-25,7.9000,8.2000,7.7400,7.8800,891100,7045000.00,0.06854615,0.017822,1.0000
SH600880,1995-12-26,7.7200,7.8800,7.5600,7.5600,393500,3059000.00,0.03026923,0.007870,1.0000
SH600880,1995-12-27,7.5000,7.9000,7.4700,7.7800,542800,4123000.00,0.04175385,0.010856,1.0000
SH600880,1995-12-28,7.5500,7.7400,7.0000,7.5000,328100,2438000.00,0.02523846,0.006562,1.0000
SH600880,1995-12-29,7.5925,7.6131,7.2119,7.6131,488800,3510000.00,0.03760000,0.009776,1.0288
SH600880,1996-01-02,7.2222,7.3765,7.2119,7.3045,136400,970000.00,0.01049231,0.002728,1.0288
SH600880,1996-01-03,7.1810,7.4588,7.0473,7.3868,301400,2109000.00,0.02318462,0.006028,1.0288
SH600880,1996-01-04,7.0987,7.5925,7.0987,7.5102,284000,2048000.00,0.02184615,0.005680,1.0288
SH600880,1996-01-05,7.5514,7.6131,7.0781,7.0987,429500,3092000.00,0.03303846,0.008590,1.0288
SH600880,1996-01-08,6.9958,7.2530,6.8518,7.1810,273100,1889000.00,0.02100769,0.005462,1.0288
SH600880,1996-01-09,7.3251,7.7674,7.1296,7.7366,993600,7323000.00,0.07643077,0.019872,1.0288
SH600880,1996-01-10,7.5102,7.5514,7.2530,7.4794,748900,5375000.00,0.05760769,0.014978,1.0288
SH600880,1996-01-11,7.3559,7.5617,7.2119,7.3045,277000,1987000.00,0.02130769,0.005540,1.0288
SH600880,1996-01-12,7.3662,7.6234,7.2530,7.5514,647600,4712000.00,0.04981538,0.012952,1.0288
SH600880,1996-01-15,7.3868,7.6543,7.3868,7.5617,358900,2630000.00,0.02760769,0.007178,1.0288
SH600880,1996-01-16,7.6131,7.6646,7.4485,7.5617,352000,2578000.00,0.02707692,0.007040,1.0288
SH600880,1996-01-17,7.5102,7.5308,7.1810,7.2839,206700,1476000.00,0.01590000,0.004134,1.0288
SH600880,1996-01-18,7.2016,7.2016,6.7489,6.7695,560600,3747000.00,0.04312308,0.011212,1.0288
SH600880,1996-01-19,6.6975,6.8724,6.6358,6.8518,307200,2020000.00,0.02363077,0.006144,1.0288
SH600880,1996-01-22,6.7901,6.8827,6.6666,6.7489,169600,1113000.00,0.01304615,0.003392,1.0288
SH600880,1996-01-23,6.6563,6.9444,6.6563,6.7901,101300,669000.00,0.00779231,0.002026,1.0288
SH600880,1996-01-24,6.8415,6.9547,6.7901,6.8209,55700,371000.00,0.00428462,0.001114,1.0288
SH600880,1996-01-25,6.8724,7.1604,6.6872,6.7695,378500,2570000.00,0.02911538,0.007570,1.0288
SH600880,1996-01-26,6.6666,6.9238,6.6666,6.8209,160300,1052000.00,0.01233077,0.003206,1.0288
SH600880,1996-01-29,6.7901,7.0987,6.7695,6.8827,106100,704000.00,0.00816154,0.002122,1.0288
SH600880,1996-01-30,6.8724,6.9958,6.7901,6.9135,103400,690000.00,0.00795385,0.002068,1.0288
SH600880,1996-01-31,6.8312,6.9753,6.8209,6.9753,202200,1352000.00,0.01555385,0.004044,1.0288
SH600880,1996-02-01,6.9444,6.9958,6.8209,6.9238,173000,1163000.00,0.01330769,0.003460,1.0288
SH600880,1996-02-02,6.8724,6.9547,6.7901,6.9547,139800,934000.00,0.01075385,0.002796,1.0288
SH600880,1996-02-05,7.1502,7.1502,6.7283,6.7386,418300,2840000.00,0.03217692,0.008366,1.0288
SH600880,1996-02-06,6.6769,6.7386,6.5843,6.6563,170700,1102000.00,0.01313077,0.003414,1.0288
SH600880,1996-02-07,6.6255,6.7695,6.6255,6.7695,131200,855000.00,0.01009231,0.002624,1.0288
SH600880,1996-02-08,6.6872,6.7901,6.6460,6.7695,46200,302000.00,0.00355385,0.000924,1.0288
SH600880,1996-02-09,6.6460,6.8004,6.6460,6.7695,32200,211000.00,0.00247692,0.000644,1.0288
SH600880,1996-02-12,6.7078,6.7592,6.6460,6.7592,45600,296000.00,0.00350769,0.000912,1.0288
SH600880,1996-02-13,6.7078,6.9650,6.6872,6.7695,69500,461000.00,0.00534615,0.001390,1.0288
SH600880,1996-02-14,6.8415,6.8724,6.7386,6.7386,50300,332000.00,0.00386923,0.001006,1.0288
SH600880,1996-02-15,6.7798,6.8724,6.6872,6.7901,58000,383000.00,0.00446154,0.001160,1.0288
SH600880,1996-02-16,6.8107,7.2016,6.8107,7.0987,567900,3906000.00,0.04368462,0.011358,1.0288
SH600880,1996-03-04,7.9115,8.1275,7.1604,8.0761,2034100,15252000.00,0.15646923,0.040682,1.0288
SH600880,1996-03-05,8.0761,8.0761,7.5617,7.6131,1153300,8801000.00,0.08871538,0.023066,1.0288
SH600880,1996-03-06,7.5102,7.7777,7.2016,7.2016,495600,3584000.00,0.03812308,0.009912,1.0288
SH600880,1996-03-07,7.2016,7.4588,7.1502,7.3662,316800,2268000.00,0.02436923,0.006336,1.0288
SH600880,1996-03-08,7.6954,7.6954,7.1502,7.3045,242300,1736000.00,0.01863846,0.004846,1.0288
SH600880,1996-03-11,7.3045,7.4074,7.2325,7.2942,231100,1644000.00,0.01777692,0.004622,1.0288
SH600880,1996-03-12,7.3251,7.3251,7.0781,7.2016,176600,1233000.00,0.01358462,0.003532,1.0288
SH600880,1996-03-13,7.1502,7.3456,7.0576,7.2633,287500,2032000.00,0.02211538,0.005750,1.0288
SH600880,1996-03-14,7.2530,7.3765,7.1296,7.1502,116300,813000.00,0.00894615,0.002326,1.0288
SH600880,1996-03-15,7.1707,7.2016,7.0781,7.1502,106900,742000.00,0.00822308,0.002138,1.0288
SH600880,1996-03-18,7.1193,7.3456,7.0987,7.3251,201900,1426000.00,0.01553077,0.004038,1.0288
SH600880,1996-03-19,7.3662,7.5720,7.3353,7.5102,799400,5776000.00,0.06149231,0.015988,1.0288
SH600880,1996-03-20,7.5205,7.8189,7.4485,7.7983,1601900,11983000.00,0.12322308,0.032038,1.0288
SH600880,1996-03-21,7.7983,7.8497,7.6749,7.7572,1044900,7890000.00,0.08037692,0.020898,1.0288
SH600880,1996-03-22,7.7777,8.0452,7.7674,8.0041,1455200,11166000.00,0.11193846,0.029104,1.0288
SH600880,1996-03-25,8.0246,8.0349,7.7366,7.8086,743800,5691000.00,0.05721538,0.014876,1.0288
SH600880,1996-03-26,7.9012,7.9012,7.6954,7.7160,284400,2140000.00,0.02187692,0.005688,1.0288
SH600880,1996-03-27,7.7160,7.7674,7.5617,7.7572,428200,3205000.00,0.03293846,0.008564,1.0288
SH600880,1996-03-28,7.8189,7.8189,7.5925,7.6543,275500,2067000.00,0.02119231,0.005510,1.0288
SH600880,1996-03-29,7.5925,7.8395,7.4485,7.7674,746700,5564000.00,0.05743846,0.014934,1.0288
SH600880,1996-04-02,7.5205,7.6646,7.4691,7.5617,297500,2188000.00,0.02288462,0.005950,1.0288
SH600880,1996-04-03,7.5411,7.6851,7.4897,7.6028,196700,1454000.00,0.01513077,0.003934,1.0288
SH600880,1996-04-04,7.6131,7.6954,7.6131,7.6543,171500,1279000.00,0.01319231,0.003430,1.0288
SH600880,1996-04-05,7.6954,7.9835,7.6131,7.9629,1806400,13768000.00,0.13895385,0.036128,1.0288
SH600880,1996-04-08,7.9629,8.0864,7.8703,7.9012,1044800,8113000.00,0.08036923,0.020896,1.0288
SH600880,1996-04-09,7.9218,7.9938,7.8703,7.9423,533500,4120000.00,0.04103846,0.010670,1.0288
SH600880,1996-04-10,7.9732,8.3333,7.9732,8.2304,1618900,12935000.00,0.12453077,0.032378,1.0288
SH600880,1996-04-11,8.2304,8.5082,8.2304,8.4567,1516800,12335000.00,0.11667692,0.030336,1.0288
SH600880,1996-04-12,8.4567,8.6316,8.3127,8.4156,1395500,11558000.00,0.10734615,0.027910,1.0288
SH600880,1996-04-15,8.4156,8.4876,8.2613,8.4156,710000,5783000.00,0.05461538,0.014200,1.0288
SH600880,1996-04-16,8.3333,8.5905,8.3333,8.5596,1244700,10280000.00,0.09574615,0.024894,1.0288
SH600880,1996-04-17,8.5699,8.6214,8.4259,8.5185,1268000,10510000.00,0.09753846,0.025360,1.0288
SH600880,1996-04-18,8.7551,9.0329,8.6419,8.7962,2044100,17564000.00,0.15723846,0.040882,1.0288
SH600880,1996-04-19,8.8991,9.2078,8.8477,9.1872,1766400,15481000.00,0.13587692,0.035328,1.0288
SH600880,1996-04-22,9.3621,9.6502,9.2592,9.3621,2110400,19531000.00,0.16233846,0.042208,1.0288
SH600880,1996-04-23,9.3107,9.8765,9.1460,9.8251,1036100,9612000.00,0.07970000,0.020722,1.0288
SH600880,1996-04-24,10.0925,10.5967,10.0823,10.5452,1655600,16768000.00,0.12735385,0.033112,1.0288
SH600880,1996-04-25,10.6481,10.7818,10.1954,10.3909,1693600,17216000.00,0.13027692,0.033872,1.0288
SH600880,1996-04-26,10.4938,11.3168,10.3909,11.2345,1632100,17498000.00,0.12554615,0.032642,1.0288
SH600880,1996-04-29,11.3271,12.0370,11.3168,11.9341,1338100,15297000.00,0.10293077,0.026762,1.0288
SH600880,1996-04-30,12.1502,12.3148,11.0596,11.1111,1478600,17105000.00,0.11373846,0.029572,1.0288
SH600880,1996-05-02,12.1399,12.1913,10.8024,11.1934,1331600,14773000.00,0.10243077,0.026632,1.0288
SH600880,1996-05-03,11.1111,11.4094,10.9259,11.2448,630800,6851000.00,0.04852308,0.012616,1.0288
SH600880,1996-05-06,11.3168,11.6049,11.3065,11.5226,493400,5498000.00,0.03795385,0.009868,1.0288
SH600880,1996-05-07,11.6769,11.8312,10.9053,11.1728,567100,6220000.00,0.04362308,0.011342,1.0288
SH600880,1996-05-08,11.1419,11.7181,11.0082,11.3168,335600,3656000.00,0.02581538,0.006712,1.0288
SH600880,1996-05-09,11.3374,11.4917,11.2139,11.3477,377100,4171000.00,0.02900769,0.007542,1.0288
SH600880,1996-05-10,11.3683,11.6255,11.2139,11.6049,437200,4845000.00,0.03363077,0.008744,1.0288
SH600880,1996-05-13,11.6769,11.8004,11.5740,11.7283,416500,4740000.00,0.03203846,0.008330,1.0288
SH600880,1996-05-14,11.7283,12.0370,11.6255,11.9135,590600,6824000.00,0.04543077,0.011812,1.0288
SH600880,1996-05-15,11.9135,12.7366,11.9135,12.6851,1207700,14682000.00,0.09290000,0.024154,1.0288
SH600880,1996-05-16,12.8600,13.2510,12.6028,12.6543,1116700,13953000.00,0.08590000,0.022334,1.0288
SH600880,1996-05-17,12.6543,13.1687,12.6543,13.0144,660000,8326000.00,0.05076923,0.013200,1.0288
SH600880,1996-05-20,13.2510,13.2613,12.9629,13.1172,1334800,17057000.00,0.10267692,0.026696,1.0288
SH600880,1996-05-21,13.1687,13.3539,11.6666,12.3251,1184400,14775000.00,0.09110769,0.023688,1.0288
SH600880,1996-05-22,12.2222,12.8600,12.0370,12.7160,773000,9375000.00,0.05946154,0.015460,1.0288
SH600880,1996-05-23,12.5617,12.7057,11.6255,11.9341,783200,9237000.00,0.06024615,0.015664,1.0288
SH600880,1996-05-27,11.3168,11.5020,10.8024,10.8847,510800,5472000.00,0.03929231,0.010216,1.0288
SH600880,1996-05-28,10.8024,11.1419,10.5246,11.0082,523700,5461000.00,0.04028462,0.010474,1.0288
SH600880,1996-05-29,11.0596,11.1522,10.9053,10.9876,240100,2569000.00,0.01846923,0.004802,1.0288
SH600880,1996-05-30,10.9362,10.9567,10.5452,10.6995,435700,4523000.00,0.03351538,0.008714,1.0288
SH600880,1996-05-31,10.6481,11.2345,10.5761,10.8642,370400,3906000.00,0.02849231,0.007408,1.0288
SH600880,1996-06-03,10.8024,10.9259,10.5864,10.8847,454300,4753000.00,0.03494615,0.009086,1.0288
SH600880,1996-06-04,10.9979,11.6769,10.9979,11.6769,1159900,12911000.00,0.08922308,0.023198,1.0288
SH600880,1996-06-05,11.7798,12.1296,11.6769,12.0370,1037900,11968000.00,0.07983846,0.020758,1.0288
SH600880,1996-06-06,12.1502,12.3353,11.7283,11.9341,1251600,14723000.00,0.09627692,0.025032,1.0288
SH600880,1996-06-07,12.2325,12.8600,12.1399,12.2428,1094400,13191000.00,0.08418462,0.021888,1.0288
SH600880,1996-06-10,12.3251,12.3353,10.5452,11.8827,1028700,11734000.00,0.07913077,0.020574,1.0288
SH600880,1996-06-11,11.8312,11.8312,11.5329,11.6872,547400,6190000.00,0.04210769,0.010948,1.0288
SH600880,1996-06-12,11.6152,12.3045,11.5740,11.9341,589700,6866000.00,0.04536154,0.011794,1.0288
SH600880,1996-06-13,12.3456,12.9629,12.3456,12.8395,1641400,20277000.00,0.12626154,0.032828,1.0288
SH600880,1996-06-14,12.9629,13.1687,12.5617,12.8497,1403300,17708000.00,0.10794615,0.028066,1.0288
SH600880,1996-06-17,12.8395,12.9423,12.3251,12.3456,1097200,13341000.00,0.08440000,0.021944,1.0288
SH600880,1996-06-18,12.2428,12.6543,12.0473,12.5205,914700,10918000.00,0.07036154,0.018294,1.0288
SH600880,1996-06-19,12.5101,12.5645,11.9662,12.1021,752900,6694000.00,0.04455030,0.011583,1.3597
SH600880,1996-06-20,12.1021,12.1973,11.8302,11.8438,440500,3875000.00,0.02606509,0.006777,1.3597
SH600880,1996-06-21,11.7622,12.4421,11.5582,12.2109,922000,8052000.00,0.05455621,0.014185,1.3597
SH600880,1996-06-24,12.2109,12.4829,12.0749,12.1157,306400,2755000.00,0.01813018,0.004714,1.3597
SH600880,1996-06-25,11.5582,11.8574,11.5446,11.7214,319300,2763000.00,0.01889349,0.004912,1.3597
SH600880,1996-06-26,11.6942,12.1021,11.6262,11.9526,216500,1875000.00,0.01281065,0.003331,1.3597
SH600880,1996-06-27,12.1021,12.6189,11.8302,12.4829,1288800,11645000.00,0.07626036,0.019828,1.3597
SH600880,1996-06-28,12.4829,12.9180,12.3741,12.4557,1752600,16393000.00,0.10370414,0.026963,1.3597
SH600880,1996-07-01,12.3741,12.4285,11.5718,12.4285,1364000,12101000.00,0.08071006,0.020985,1.3597
SH600880,1996-07-02,12.4557,12.4557,11.6262,11.9662,412600,3710000.00,0.02441420,0.006348,1.3597
SH600880,1996-07-03,11.8302,12.1701,11.7214,11.8438,608900,5364000.00,0.03602959,0.009368,1.3597
SH600880,1996-07-04,11.6942,11.8302,11.3542,11.5038,588700,4979000.00,0.03483432,0.009057,1.3597
SH600880,1996-07-05,11.5174,12.0749,11.1231,11.2863,513000,4329000.00,0.03035503,0.007892,1.3597
SH600880,1996-07-08,11.2863,11.2863,10.7559,10.9463,521400,4246000.00,0.03085207,0.008022,1.3597
SH600880,1996-07-09,11.2863,11.2863,10.8783,11.0143,760500,6220000.00,0.04500000,0.011700,1.3597
SH600880,1996-07-10,10.9871,11.3542,10.9055,11.0279,352400,2865000.00,0.02085207,0.005422,1.3597
SH600880,1996-07-11,11.0415,11.2863,10.8783,10.8783,210900,1713000.00,0.01247929,0.003245,1.3597
SH600880,1996-07-12,10.7559,10.7559,10.5384,10.6743,270700,2113000.00,0.01601775,0.004165,1.3597
SH600880,1996-07-15,10.6743,10.6743,10.2664,10.3072,295100,2249000.00,0.01746154,0.004540,1.3597
SH600880,1996-07-16,10.5248,10.7967,10.3072,10.6200,302300,2347000.00,0.01788757,0.004651,1.3597
SH600880,1996-07-17,10.6743,11.2591,10.4432,11.0143,483600,3939000.00,0.02861538,0.007440,1.3597
SH600880,1996-07-18,10.9463,11.0143,10.7967,10.9871,211100,1691000.00,0.01249112,0.003248,1.3597
SH600880,1996-07-19,11.0143,11.5582,10.9871,11.4494,572700,4730000.00,0.03388757,0.008811,1.3597
SH600880,1996-07-22,11.7214,12.1021,11.7214,11.9526,1160100,10163000.00,0.06864497,0.017848,1.3597
SH600880,1996-07-23,11.9662,12.1837,11.6534,11.7622,467600,4064000.00,0.02766864,0.007194,1.3597
SH600880,1996-07-24,11.7622,11.9526,11.4902,11.8302,397100,3413000.00,0.02349704,0.006109,1.3597
SH600880,1996-07-25,11.8982,11.9662,11.5582,11.5854,313200,2704000.00,0.01853254,0.004818,1.3597
SH600880,1996-07-26,11.3542,11.6262,11.0823,11.1231,296900,2465000.00,0.01756805,0.004568,1.3597
SH600880,1996-07-29,11.1503,11.2183,11.0143,11.2183,199000,1623000.00,0.01177515,0.003062,1.3597
SH600880,1996-07-30,11.3135,11.3135,11.0143,11.0143,218700,1790000.00,0.01294083,0.003365,1.3597
SH600880,1996-07-31,10.9871,11.1231,10.7423,10.8103,154200,1232000.00,0.00912426,0.002372,1.3597
SH600880,1996-08-01,10.7423,11.0143,10.4704,10.8919,142300,1128000.00,0.00842012,0.002189,1.3597
SH600880,1996-08-02,10.8239,11.2047,10.8103,10.9055,144500,1162000.00,0.00855030,0.002223,1.3597
SH600880,1996-08-05,10.9463,11.1775,10.9463,11.1639,161100,1315000.00,0.00953254,0.002478,1.3597
SH600880,1996-08-06,11.2863,11.2863,11.0279,11.1639,153900,1260000.00,0.00910651,0.002368,1.3597
SH600880,1996-08-07,11.1503,11.2591,11.0279,11.1639,188500,1542000.00,0.01115385,0.002900,1.3597
SH600880,1996-08-08,11.1639,11.2183,10.8783,11.0415,196700,1598000.00,0.01163905,0.003026,1.3597
SH600880,1996-08-09,11.0415,11.1503,10.9871,11.0279,165200,1342000.00,0.00977515,0.002542,1.3597
SH600880,1996-08-12,11.0143,11.4222,11.0143,11.3406,527100,4365000.00,0.03118935,0.008109,1.3597
SH600880,1996-08-13,11.3406,11.3406,11.0959,11.0959,159600,1314000.00,0.00944379,0.002455,1.3597
SH600880,1996-08-14,11.0007,11.1503,11.0007,11.1503,149400,1216000.00,0.00884024,0.002298,1.3597
SH600880,1996-08-15,11.2183,11.3814,11.2183,11.2591,474000,3939000.00,0.02804734,0.007292,1.3597
SH600880,1996-08-16,11.2183,11.2183,10.7831,10.9871,321400,2590000.00,0.01901775,0.004945,1.3597
SH600880,1996-08-19,10.6336,10.8783,10.6064,10.6064,80400,632000.00,0.00475740,0.001237,1.3597
SH600880,1996-08-20,10.5792,10.6064,10.1984,10.2800,165000,1254000.00,0.00976331,0.002538,1.3597
SH600880,1996-08-21,10.7967,10.7967,10.2800,10.4296,70400,542000.00,0.00416568,0.001083,1.3597
SH600880,1996-08-22,10.4704,10.6064,10.3344,10.3480,95800,732000.00,0.00566864,0.001474,1.3597
SH600880,1996-08-23,9.2466,9.5185,8.1587,9.0426,464900,3045000.00,0.02750888,0.007152,1.3597
SH600880,1996-08-26,8.5395,8.5667,7.6148,7.7236,471200,2816000.00,0.02788166,0.007249,1.3597
SH600880,1996-08-27,7.4108,7.9820,7.2749,7.8460,273900,1512000.00,0.01620710,0.004214,1.3597
SH600880,1996-08-28,7.8868,7.8868,7.6148,7.7236,299500,1707000.00,0.01772189,0.004608,1.3597
SH600880,1996-08-29,7.8868,7.8868,7.7372,7.8052,233400,1337000.00,0.01381065,0.003591,1.3597
SH600880,1996-08-30,7.8188,7.9548,7.7916,7.9412,264900,1539000.00,0.01567456,0.004075,1.3597
SH600880,1996-09-02,7.9548,8.2267,7.8324,8.2267,246200,1438000.00,0.01456805,0.003788,1.3597
SH600880,1996-09-03,8.2131,8.3083,7.9956,7.9956,312000,1893000.00,0.01846154,0.004800,1.3597
SH600880,1996-09-04,7.9548,8.3899,7.8188,8.0907,162400,960000.00,0.00960947,0.002498,1.3597
SH600880,1996-09-05,8.2947,8.4987,8.2131,8.2131,394200,2412000.00,0.02332544,0.006065,1.3597
SH600880,1996-09-06,8.2267,8.2947,7.9548,7.9548,145200,862000.00,0.00859172,0.002234,1.3597
SH600880,1996-09-09,7.9548,7.9548,7.6420,7.7372,114400,651000.00,0.00676923,0.001760,1.3597
SH600880,1996-09-10,7.6012,7.6964,7.4108,7.5876,197900,1107000.00,0.01171006,0.003045,1.3597
SH600880,1996-09-11,7.5468,7.7508,7.5468,7.6828,128900,725000.00,0.00762722,0.001983,1.3597
SH600880,1996-09-12,7.6148,7.7508,7.5604,7.5740,134600,755000.00,0.00796450,0.002071,1.3597
SH600880,1996-09-13,7.5740,7.8868,7.5740,7.8188,197800,1130000.00,0.01170414,0.003043,1.3597
SH600880,1996-09-16,7.6828,7.8868,7.6828,7.8460,129000,739000.00,0.00763314,0.001985,1.3597
SH600880,1996-09-17,7.9956,8.0635,7.8596,7.9004,175500,1031000.00,0.01038462,0.002700,1.3597
SH600880,1996-09-18,7.8868,8.2947,7.8868,8.2675,679300,4085000.00,0.04019527,0.010451,1.3597
SH600880,1996-09-19,8.0907,9.3825,8.0635,9.3146,2257100,14810000.00,0.13355621,0.034725,1.3597
SH600880,1996-09-20,9.2466,9.3146,8.8386,9.2466,1271500,8484000.00,0.07523669,0.019562,1.3597
SH600880,1996-09-23,9.4097,9.7905,8.7706,9.6545,1163200,8032000.00,0.06882840,0.017895,1.3597
SH600880,1996-09-24,9.5865,9.6409,9.1922,9.2058,739000,5134000.00,0.04372781,0.011369,1.3597
SH600880,1996-09-25,9.2194,9.3553,8.8386,8.8386,315800,2098000.00,0.01868639,0.004858,1.3597
SH600880,1996-09-27,9.4913,9.5865,9.0018,9.4505,922000,6413000.00,0.05455621,0.014185,1.3597
SH600880,1996-10-03,9.2466,9.4505,9.0426,9.1786,342300,2317000.00,0.02025444,0.005266,1.3597
SH600880,1996-10-04,9.1106,9.1786,8.9882,9.1106,136800,912000.00,0.00809467,0.002105,1.3597
SH600880,1996-10-07,9.3146,9.3825,9.0562,9.3825,615700,4183000.00,0.03643195,0.009472,1.3597
SH600880,1996-10-08,9.5593,9.6545,9.2602,9.3553,569400,3956000.00,0.03369231,0.008760,1.3597
SH600880,1996-10-09,9.3553,9.7497,9.3553,9.5049,855200,6070000.00,0.05060355,0.013157,1.3597
SH600880,1996-10-10,9.5185,9.8585,9.4097,9.7361,459000,3267000.00,0.02715976,0.007062,1.3597
SH600880,1996-10-11,9.7905,10.2664,8.4307,9.6681,574900,4093000.00,0.03401775,0.008845,1.3597
SH600880,1996-10-14,9.5185,9.7905,9.4913,9.5457,430700,3027000.00,0.02548521,0.006626,1.3597
SH600880,1996-10-15,9.5865,9.6545,9.3825,9.6409,536300,3765000.00,0.03173373,0.008251,1.3597
SH600880,1996-10-16,10.2256,10.2256,9.5321,9.6817,1085800,7979000.00,0.06424852,0.016705,1.3597
SH600880,1996-10-17,9.6409,9.7225,9.5049,9.6001,397400,2811000.00,0.02351479,0.006114,1.3597
SH600880,1996-10-18,9.5729,9.7905,9.3146,9.3553,378600,2650000.00,0.02240237,0.005825,1.3597
SH600880,1996-10-21,9.3553,9.5865,9.1514,9.5865,300300,2043000.00,0.01776923,0.004620,1.3597
SH600880,1996-10-22,9.5185,9.6273,9.2466,9.4641,213700,1492000.00,0.01264497,0.003288,1.3597
SH600880,1996-10-23,9.6545,10.1440,9.5185,10.0896,1531700,11126000.00,0.09063314,0.023565,1.3597
SH600880,1996-10-24,10.1984,10.2392,9.8041,9.9129,899600,6605000.00,0.05323077,0.013840,1.3597
SH600880,1996-10-25,9.9265,10.8103,9.8041,10.6336,1705400,13102000.00,0.10091124,0.026237,1.3597
SH600880,1996-10-28,10.6064,11.2591,10.3072,11.2047,1561500,12637000.00,0.09239645,0.024023,1.3597
SH600880,1996-10-29,11.2727,11.3814,10.2392,10.7423,1050800,8484000.00,0.06217751,0.016166,1.3597
SH600880,1996-10-30,10.7423,10.9463,9.8993,9.8993,750800,5680000.00,0.04442604,0.011551,1.3597
SH600880,1996-10-31,10.0488,10.1304,9.3146,9.9265,367300,2651000.00,0.02173373,0.005651,1.3597
SH600880,1996-11-01,9.8585,9.8585,9.3825,9.6273,544000,3869000.00,0.03218935,0.008369,1.3597
SH600880,1996-11-04,9.5185,9.8449,9.3010,9.7633,410800,2920000.00,0.02430769,0.006320,1.3597
SH600880,1996-11-05,9.7769,10.0080,9.4369,9.9265,495600,3556000.00,0.02932544,0.007625,1.3597
SH600880,1996-11-06,9.9265,10.1984,9.6409,9.6409,745600,5448000.00,0.04411834,0.011471,1.3597
SH600880,1996-11-07,9.9265,10.0624,9.5321,9.9401,612800,4451000.00,0.03626036,0.009428,1.3597
SH600880,1996-11-08,9.9401,10.1168,9.8313,10.0760,361800,2646000.00,0.02140828,0.005566,1.3597
SH600880,1996-11-11,10.1304,10.7695,10.0896,10.6743,1242000,9617000.00,0.07349112,0.019108,1.3597
SH600880,1996-11-12,10.7423,11.5582,10.6743,11.1639,2729000,22715000.00,0.16147929,0.041985,1.3597
SH600880,1996-11-13,11.1231,11.6398,10.9055,11.2591,1882800,15776000.00,0.11140828,0.028966,1.3597
SH600880,1996-11-14,11.4222,12.4421,11.4222,12.1565,3521200,31637000.00,0.20835503,0.054172,1.3597
SH600880,1996-11-15,12.3469,12.9180,12.2109,12.5645,3007100,27892000.00,0.17793491,0.046263,1.3597
SH600880,1996-11-18,12.6461,13.9379,12.6461,13.8699,3201700,31915000.00,0.18944970,0.049257,1.3597
SH600880,1996-11-19,13.8427,15.8688,13.3260,14.7537,2444900,25482000.00,0.14466864,0.037614,1.3597
SH600880,1996-11-20,14.9577,15.2297,14.2914,14.5498,1663300,18244000.00,0.09842012,0.025589,1.3597
SH600880,1996-11-21,14.4410,15.1209,13.8835,14.0738,1333700,14255000.00,0.07891716,0.020518,1.3597
SH600880,1996-11-22,14.5498,14.6857,13.6115,14.5498,1277000,13411000.00,0.07556213,0.019646,1.3597
SH600880,1996-11-25,14.5498,17.5141,13.5979,17.5141,1946600,23012000.00,0.11518343,0.029948,1.3597
SH600880,1996-11-26,17.4053,17.6093,16.4807,17.1334,1456400,18202000.00,0.08617751,0.022406,1.3597
SH600880,1996-11-27,16.9974,17.9493,15.8824,16.8614,2012500,24741000.00,0.11908284,0.030962,1.3597
SH600880,1996-11-28,16.9974,17.1334,16.3175,16.9702,1616400,19853000.00,0.09564497,0.024868,1.3597
SH600880,1996-11-29,16.8614,18.7651,16.4671,18.6292,1825100,23492000.00,0.10799408,0.028078,1.3597
SH600880,1996-12-02,18.6020,19.7170,17.8133,18.7515,1438200,19581000.00,0.08510059,0.022126,1.3597
SH600880,1996-12-03,18.6292,18.7651,17.4733,17.5685,1206700,15906000.00,0.07140237,0.018565,1.3597
SH600880,1996-12-04,16.9974,17.8133,16.9974,17.7453,1641000,21285000.00,0.09710059,0.025246,1.3597
SH600880,1996-12-05,18.2212,19.5266,17.6093,18.9283,2647400,35598000.00,0.15665089,0.040729,1.3597
SH600880,1996-12-06,19.0371,19.7170,18.7651,19.2411,2186900,30714000.00,0.12940237,0.033645,1.3597
SH600880,1996-12-09,19.0099,20.7776,18.7923,20.0977,1769600,25293000.00,0.10471006,0.027225,1.3597
SH600880,1996-12-10,19.7170,20.2745,18.2212,18.5612,2892200,40189000.00,0.17113609,0.044495,1.3597
SH600880,1996-12-11,18.2212,19.0099,18.0852,19.0099,2168300,29242000.00,0.12830178,0.033358,1.3597
SH600880,1996-12-12,18.7515,19.6762,17.6093,17.9493,1353400,18168000.00,0.08008284,0.020822,1.3597
SH600880,1996-12-13,17.6773,17.6773,15.1617,15.5016,1395400,16904000.00,0.08256805,0.021468,1.3597
SH600880,1996-12-16,13.9515,13.9515,13.9515,13.9515,12800,131000.00,0.00075740,0.000197,1.3597
SH600880,1996-12-17,12.5509,12.5509,12.5509,12.5509,42900,395000.00,0.00253846,0.000660,1.3597
SH600880,1996-12-18,11.2999,13.5843,11.2999,13.2988,1668200,14546000.00,0.09871006,0.025665,1.3597
SH600880,1996-12-19,12.2381,13.0268,11.9662,11.9662,1052400,9413000.00,0.06227219,0.016191,1.3597
SH600880,1996-12-20,10.7695,11.5310,10.7695,10.7695,866100,6878000.00,0.05124852,0.013325,1.3597
SH600880,1996-12-23,9.9401,11.1503,9.9401,10.2664,600400,4648000.00,0.03552663,0.009237,1.3597
SH600880,1996-12-24,10.4024,10.8783,9.5185,9.5185,841000,6397000.00,0.04976331,0.012938,1.3597
SH600880,1996-12-25,9.7905,10.4704,9.5185,10.4704,945600,6958000.00,0.05595266,0.014548,1.3597
SH600880,1996-12-26,10.8647,11.5174,10.7151,11.5174,1569600,12892000.00,0.09287574,0.024148,1.3597
SH600880,1996-12-27,11.6670,11.6670,10.6064,11.4222,2447900,20195000.00,0.14484615,0.037660,1.3597
SH600880,1996-12-30,11.4222,11.6262,10.8783,11.4086,2223700,18199000.00,0.13157988,0.034211,1.3597
SH600880,1996-12-31,11.2999,11.3678,10.7151,10.8375,1042100,8366000.00,0.06166272,0.016032,1.3597
SH600880,1997-01-02,10.6336,11.0415,10.4704,11.0415,445000,3510000.00,0.02633136,0.006846,1.3597
SH600880,1997-01-03,11.0143,11.3406,10.6064,10.7151,538400,4358000.00,0.03185799,0.008283,1.3597
SH600880,1997-01-06,10.5928,10.8783,10.1984,10.1984,217200,1659000.00,0.01285207,0.003342,1.3597
SH600880,1997-01-07,9.9265,10.8783,9.9265,10.6064,605000,4647000.00,0.03579882,0.009308,1.3597
SH600880,1997-01-08,10.6064,10.8103,10.3752,10.5384,305500,2394000.00,0.01807692,0.004700,1.3597
SH600880,1997-01-09,10.6608,11.2863,10.6608,11.1231,1181100,9650000.00,0.06988757,0.018171,1.3597
SH600880,1997-01-10,11.1503,11.2591,10.9463,11.1911,758100,6199000.00,0.04485799,0.011663,1.3597
SH600880,1997-01-13,11.2455,11.8574,10.1984,11.6670,2000200,16823000.00,0.11835503,0.030772,1.3597
SH600880,1997-01-14,11.6670,12.7820,11.3271,11.4222,1633700,14160000.00,0.09666864,0.025134,1.3597
SH600880,1997-01-15,11.4902,11.6806,11.1503,11.4494,458000,3859000.00,0.02710059,0.007046,1.3597
SH600880,1997-01-16,11.5582,11.6670,11.0143,11.2183,510900,4211000.00,0.03023077,0.007860,1.3597
SH600880,1997-01-17,11.3814,11.3814,10.9599,11.1639,403500,3286000.00,0.02387574,0.006208,1.3597
SH600880,1997-01-20,11.2047,11.3271,11.0143,11.1503,368500,3010000.00,0.02180473,0.005669,1.3597
SH600880,1997-01-21,11.2591,11.3678,11.1503,11.2863,484800,4010000.00,0.02868639,0.007458,1.3597
SH600880,1997-01-22,11.1503,11.2863,10.9599,11.2863,456200,3721000.00,0.02699408,0.007018,1.3597
SH600880,1997-01-23,11.0823,11.2863,10.8919,11.0415,324200,2646000.00,0.01918343,0.004988,1.3597
SH600880,1997-01-24,11.1639,11.5310,11.0143,11.4222,540800,4468000.00,0.03200000,0.008320,1.3597
SH600880,1997-01-27,11.7622,12.1701,11.5582,12.0749,1698200,14912000.00,0.10048521,0.026126,1.3597
SH600880,1997-01-28,11.9662,12.1701,11.5990,11.8302,730400,6392000.00,0.04321893,0.011237,1.3597
SH600880,1997-01-29,11.6670,11.8438,11.5582,11.6942,499900,4296000.00,0.02957988,0.007691,1.3597
SH600880,1997-01-30,11.8302,11.8302,11.4222,11.4494,643200,5481000.00,0.03805917,0.009895,1.3597
SH600880,1997-01-31,11.4086,11.5582,11.2591,11.3271,848000,7081000.00,0.05017751,0.013046,1.3597
SH600880,1997-02-17,11.4494,11.6262,11.2183,11.4222,488500,4093000.00,0.02890533,0.007515,1.3597
SH600880,1997-02-18,11.4222,11.5582,10.2800,10.2800,622200,4931000.00,0.03681657,0.009572,1.3597
SH600880,1997-02-19,10.2800,10.9463,10.2800,10.8511,528600,4163000.00,0.03127811,0.008132,1.3597
SH600880,1997-02-20,11.0143,11.1367,10.5792,11.0823,471000,3806000.00,0.02786982,0.007246,1.3597
SH600880,1997-02-21,11.2591,11.6670,11.0823,11.6262,1164300,9769000.00,0.06889349,0.017912,1.3597
SH600880,1997-02-24,11.8030,12.3741,11.6670,12.1973,2559700,22734000.00,0.15146154,0.039380,1.3597
SH600880,1997-02-25,12.1021,12.3741,11.9798,12.0341,1163100,10407000.00,0.06882249,0.017894,1.3597
SH600880,1997-02-26,12.1021,12.1701,11.8438,12.0749,734600,6480000.00,0.04346746,0.011302,1.3597
SH600880,1997-02-27,12.2381,12.9180,12.2381,12.4421,1214800,11214000.00,0.07188166,0.018689,1.3597
SH600880,1997-02-28,12.3741,12.5645,11.9798,12.4693,801600,7229000.00,0.04743195,0.012332,1.3597
SH600880,1997-03-03,12.7548,12.7956,12.4693,12.6461,956200,8834000.00,0.05657988,0.014711,1.3597
SH600880,1997-03-04,12.6597,12.6732,12.2381,12.3877,1079300,9833000.00,0.06386391,0.016605,1.3597
SH600880,1997-03-05,12.3741,12.5101,12.1021,12.1293,866300,7811000.00,0.05126036,0.013328,1.3597
SH600880,1997-03-06,12.0885,12.4829,12.0069,12.4421,1312300,11866000.00,0.07765089,0.020189,1.3597
SH600880,1997-03-07,12.4693,13.3939,12.4693,12.7820,2649100,25237000.00,0.15675148,0.040755,1.3597
SH600880,1997-03-10,15.7745,15.8844,15.2981,15.4447,1098000,9306000.00,0.06497041,0.016892,1.8321
SH600880,1997-03-11,15.3897,15.9760,15.3164,15.9760,852800,7236000.00,0.05046154,0.013120,1.8321
SH600880,1997-03-12,15.9760,16.0493,15.7561,15.8294,807300,7001000.00,0.04776923,0.012420,1.8321
SH600880,1997-03-13,15.8661,17.0386,15.8477,16.6722,1717900,15534000.00,0.10165089,0.026429,1.8321
SH600880,1997-03-14,16.4890,16.8188,16.1226,16.6905,1231900,11072000.00,0.07289349,0.018952,1.8321
SH600880,1997-03-17,16.8554,18.3577,16.8554,18.3577,2077500,20248000.00,0.12292899,0.031962,1.8321
SH600880,1997-03-18,18.7425,18.8707,17.8631,18.1196,2574900,25948000.00,0.15236095,0.039614,1.8321
SH600880,1997-03-19,18.1745,19.9334,17.6982,19.8784,2801800,29473000.00,0.16578698,0.043105,1.8321
SH600880,1997-03-20,19.7868,20.4097,18.4310,18.6875,1872500,20245000.00,0.11079882,0.028808,1.8321
SH600880,1997-03-21,18.6875,20.1532,18.5959,19.9700,1439100,15139000.00,0.08515385,0.022140,1.8321
SH600880,1997-03-24,20.2448,21.6189,18.8707,20.2448,1833800,20500000.00,0.10850888,0.028212,1.8321
SH600880,1997-03-25,20.1166,20.2082,19.0539,19.6036,2102100,22251000.00,0.12438462,0.032340,1.8321
SH600880,1997-03-26,19.4204,19.6402,18.7058,19.1455,1240800,12847000.00,0.07342012,0.019089,1.8321
SH600880,1997-03-27,18.9623,19.7685,18.5043,19.3288,891500,9292000.00,0.05275148,0.013715,1.8321
SH600880,1997-03-28,19.3837,19.5120,18.7791,18.8707,552900,5748000.00,0.03271598,0.008506,1.8321
SH600880,1997-03-31,18.7791,19.5120,18.7791,19.2555,641600,6718000.00,0.03796450,0.009871,1.8321
SH600880,1997-04-01,19.2555,20.2998,19.2555,19.9700,1289500,13920000.00,0.07630178,0.019838,1.8321
SH600880,1997-04-02,19.9700,20.1532,19.4753,19.6036,918800,9959000.00,0.05436686,0.014135,1.8321
SH600880,1997-04-03,19.9700,20.7944,19.7135,20.7028,1239100,13525000.00,0.07331953,0.019063,1.8321
SH600880,1997-04-04,20.7028,21.0693,20.3547,20.5379,1422900,15933000.00,0.08419527,0.021891,1.8321
SH600880,1997-04-07,20.7028,21.0143,19.4204,19.6036,1014200,11079000.00,0.06001183,0.015603,1.8321
SH600880,1997-04-08,18.2844,19.6036,18.0463,18.7791,796000,8191000.00,0.04710059,0.012246,1.8321
SH600880,1997-04-09,18.8707,19.7501,18.5409,19.5669,1487300,15614000.00,0.08800592,0.022882,1.8321
SH600880,1997-04-10,19.3288,19.4204,19.0539,19.3104,938300,9843000.00,0.05552071,0.014435,1.8321
SH600880,1997-04-11,19.0173,19.2738,18.3211,18.8707,893400,9171000.00,0.05286391,0.013745,1.8321
SH600880,1997-04-14,19.0539,19.9334,19.0539,19.6952,978600,10441000.00,0.05790533,0.015055,1.8321
SH600880,1997-04-15,19.7501,21.0326,19.4204,20.7028,1816900,20189000.00,0.10750888,0.027952,1.8321
SH600880,1997-04-16,20.8494,21.6922,20.8494,21.4723,2459000,28687000.00,0.14550296,0.037831,1.8321
SH600880,1997-04-17,20.1532,21.6006,20.1532,20.9227,1198400,13762000.00,0.07091124,0.018437,1.8321
SH600880,1997-04-18,21.2525,21.4357,20.6296,21.2891,934900,10715000.00,0.05531953,0.014383,1.8321
SH600880,1997-04-21,21.7105,23.4144,21.5456,22.3151,1619700,19813000.00,0.09584024,0.024918,1.8321
SH600880,1997-04-22,22.4983,22.4983,21.7838,22.1869,748200,9013000.00,0.04427219,0.011511,1.8321
SH600880,1997-04-23,22.1502,22.7731,21.4174,21.5273,911600,10911000.00,0.05394083,0.014025,1.8321
SH600880,1997-04-24,21.2525,22.1685,21.0326,21.6555,1543700,18245000.00,0.09134320,0.023749,1.8321
SH600880,1997-04-25,21.0693,21.2525,20.5196,20.5746,1078800,12244000.00,0.05186538,0.014917,1.8321
SH600880,1997-04-28,20.8128,20.8494,18.8707,19.2188,915000,9815000.00,0.04399038,0.012652,1.8321
SH600880,1997-04-29,18.5959,20.1532,18.5959,19.9334,790400,8345000.00,0.03800000,0.010929,1.8321
SH600880,1997-04-30,19.9883,20.2998,19.5303,20.1532,477800,5168000.00,0.02297115,0.006607,1.8321
SH600880,1997-05-05,20.1532,21.8021,20.1532,20.4463,839600,9678000.00,0.04036538,0.011609,1.8321
SH600880,1997-05-06,20.5196,20.9044,19.8784,20.5196,815900,8987000.00,0.03922596,0.011281,1.8321
SH600880,1997-05-07,20.4830,20.5746,19.6036,20.0616,825300,8952000.00,0.03967788,0.011411,1.8321
SH600880,1997-05-08,20.1532,20.1532,18.6692,18.6875,751000,7989000.00,0.03610577,0.010384,1.8321
SH600880,1997-05-09,18.8341,19.7868,18.8341,19.5120,762200,8023000.00,0.03664423,0.010539,1.8321
SH600880,1997-05-12,19.3288,20.1898,19.2371,19.9700,1000000,10776000.00,0.04807692,0.013827,1.8321
SH600880,1997-05-13,20.2082,21.2525,19.8967,20.4830,1446100,16230000.00,0.06952404,0.019995,1.8321
SH600880,1997-05-14,20.1532,20.4830,18.4310,18.6875,609100,6368000.00,0.02928365,0.008422,1.8321
SH600880,1997-05-15,18.8707,19.2371,18.5226,19.1455,798100,8268000.00,0.03837019,0.011035,1.8321
SH600880,1997-05-16,18.5226,18.8707,17.2401,17.3134,914700,8955000.00,0.04397596,0.012648,1.8321
SH600880,1997-05-19,17.2218,17.9547,17.2218,17.8081,364600,3503000.00,0.01752885,0.005041,1.8321
SH600880,1997-05-20,18.1196,18.5043,17.9913,18.4127,455400,4531000.00,0.02189423,0.006297,1.8321
SH600880,1997-05-21,18.3211,18.5043,17.7715,17.7898,409200,4015000.00,0.01967308,0.005658,1.8321
SH600880,1997-05-22,16.0309,17.0386,16.0126,16.0126,267300,2361000.00,0.01285096,0.003696,1.8321
SH600880,1997-05-23,15.9393,15.9760,15.3897,15.4813,339700,2886000.00,0.01633173,0.004697,1.8321
SH600880,1997-05-26,15.9027,15.9027,14.6752,14.8034,238500,1950000.00,0.01146635,0.003298,1.8321
SH600880,1997-05-27,15.1699,15.4813,14.9866,15.4813,212000,1774000.00,0.01019231,0.002931,1.8321
SH600880,1997-05-28,15.4813,15.4813,14.9134,14.9500,221800,1830000.00,0.01066346,0.003067,1.8321
SH600880,1997-05-29,14.8950,15.3714,14.8950,15.1149,130500,1081000.00,0.00627404,0.001804,1.8321
SH600880,1997-05-30,15.1149,15.3164,14.8401,15.2065,171200,1406000.00,0.00823077,0.002367,1.8321
SH600880,1997-06-02,15.5363,16.2691,15.5363,16.2142,440600,3820000.00,0.02118269,0.006092,1.8321
SH600880,1997-06-03,16.2874,16.9653,15.7561,16.7272,483600,4289000.00,0.02325000,0.006687,1.8321
SH600880,1997-06-04,16.8371,16.8371,16.1409,16.4890,277100,2491000.00,0.01332212,0.003831,1.8321
SH600880,1997-06-05,16.4890,16.6722,16.0309,16.2325,332600,2945000.00,0.01599038,0.004599,1.8321
SH600880,1997-06-06,14.6019,15.5729,14.6019,14.9866,330200,2705000.00,0.01587500,0.004566,1.8321
SH600880,1997-06-09,15.0233,15.5546,14.7485,15.0233,136200,1113000.00,0.00654808,0.001883,1.8321
SH600880,1997-06-10,15.0233,15.1149,14.6202,14.6202,158800,1286000.00,0.00763462,0.002196,1.8321
SH600880,1997-06-11,14.6569,14.7485,13.6492,14.2904,170100,1299000.00,0.00817788,0.002352,1.8321
SH600880,1997-06-12,14.2904,14.6202,14.1072,14.2355,188400,1473000.00,0.00905769,0.002605,1.8321
SH600880,1997-06-13,13.3927,14.5286,13.3927,14.3637,302500,2361000.00,0.01454327,0.004183,1.8321
SH600880,1997-06-16,14.6569,15.3897,14.3637,14.4737,448500,3633000.00,0.02156250,0.006201,1.8321
SH600880,1997-06-17,14.8218,15.9210,14.4737,15.9210,2754900,23693000.00,0.13244712,0.038092,1.8321
SH600880,1997-06-19,15.5363,15.8477,14.6752,14.7118,518700,4276000.00,0.02493750,0.007172,1.8321
SH600880,1997-06-20,15.5729,16.1775,15.4813,16.1775,2887600,25307000.00,0.13882692,0.039927,1.8321
SH600880,1997-06-23,17.2218,17.7898,16.4890,17.7898,3908800,37154000.00,0.18792308,0.054047,1.8321
SH600880,1997-06-24,17.7898,18.1379,17.3134,18.0463,1512800,14641000.00,0.07273077,0.020917,1.8321
SH600880,1997-06-25,18.0463,18.3028,17.4050,17.6799,1141400,11040000.00,0.05487500,0.015782,1.8321
SH600880,1997-06-26,17.5882,17.9547,16.4890,16.4890,671600,6455000.00,0.03228846,0.009286,1.8321
SH600880,1997-06-27,17.2401,17.8447,16.6722,16.8554,884300,8288000.00,0.04251442,0.012227,1.8321
SH600880,1997-07-02,16.8554,17.7715,15.7561,17.0753,735900,6760000.00,0.03537981,0.010175,1.8321
SH600880,1997-07-03,17.0753,17.0753,15.7561,15.8477,438200,3875000.00,0.02106731,0.006059,1.8321
SH600880,1997-07-04,15.4080,15.7561,14.8401,15.4813,460900,3862000.00,0.02215865,0.006373,1.8321
SH600880,1997-07-07,15.5363,15.8477,13.9423,14.1805,437200,3546000.00,0.02101923,0.006045,1.8321
SH600880,1997-07-08,14.1072,15.1699,13.8874,15.1699,465600,3695000.00,0.02238462,0.006438,1.8321
SH600880,1997-07-09,15.0599,15.5729,14.4920,15.2981,278000,2281000.00,0.01336538,0.003844,1.8321
SH600880,1997-07-10,15.2065,15.5729,14.7668,14.9317,264000,2194000.00,0.01269231,0.003650,1.8321
SH600880,1997-07-11,14.8401,15.5546,14.8034,15.5363,455500,3770000.00,0.02189904,0.006298,1.8321
SH600880,1997-07-14,15.7195,16.8188,15.6279,16.7088,723100,6430000.00,0.03476442,0.009998,1.8321
SH600880,1997-07-15,16.6355,16.7088,15.9393,16.3241,490500,4365000.00,0.02358173,0.006782,1.8321
SH600880,1997-07-16,16.3241,16.9470,16.0309,16.0309,418700,3738000.00,0.02012981,0.005789,1.8321
SH600880,1997-07-17,15.9393,16.0309,15.5363,15.8477,457600,3930000.00,0.02200000,0.006327,1.8321
SH600880,1997-07-18,15.7195,16.3241,15.4996,16.1958,395600,3464000.00,0.01901923,0.005470,1.8321
SH600880,1997-07-21,16.5256,16.8188,15.7195,16.0676,442300,3914000.00,0.02126442,0.006116,1.8321
SH600880,1997-07-22,15.3897,16.4890,15.2248,16.2142,223200,1925000.00,0.01073077,0.003086,1.8321
SH600880,1997-07-23,16.4890,16.6355,15.6645,15.8477,424800,3714000.00,0.02042308,0.005874,1.8321
SH600880,1997-07-24,15.5912,16.0309,15.3347,15.3897,318400,2699000.00,0.01530769,0.004403,1.8321
SH600880,1997-07-25,15.3531,15.3897,14.9317,15.1332,331600,2742000.00,0.01594231,0.004585,1.8321
SH600880,1997-07-28,14.9317,15.4813,14.6935,14.8767,166700,1364000.00,0.00801442,0.002305,1.8321
SH600880,1997-07-29,14.8401,15.9027,14.7851,15.3164,218600,1808000.00,0.01050962,0.003023,1.8321
SH600880,1997-07-30,15.5729,15.8111,15.1149,15.5729,160300,1351000.00,0.00770673,0.002216,1.8321
SH600880,1997-07-31,15.6828,15.9027,15.4813,15.4996,305300,2606000.00,0.01467788,0.004221,1.8321
SH600880,1997-08-01,15.3649,15.8328,15.0654,15.4210,203800,1669000.00,0.00979808,0.002818,1.8714
SH600880,1997-08-04,15.7205,15.7205,15.2526,15.6830,221600,1840000.00,0.01065385,0.003064,1.8714
SH600880,1997-08-05,15.6830,16.0948,15.5333,16.0573,265400,2248000.00,0.01275962,0.003670,1.8714
SH600880,1997-08-06,16.0012,16.0573,15.3462,15.3462,178100,1485000.00,0.00856250,0.002463,1.8714
SH600880,1997-08-07,15.1216,15.7766,15.1216,15.7205,157800,1293000.00,0.00758654,0.002182,1.8714
SH600880,1997-08-08,15.6269,15.7205,15.0093,15.3462,444900,3655000.00,0.02138942,0.006152,1.8714
SH600880,1997-08-11,15.3087,15.3462,14.8596,14.8596,385000,3081000.00,0.01850962,0.005323,1.8714
SH600880,1997-08-12,14.6350,14.9719,14.4291,14.5040,244100,1927000.00,0.01173558,0.003375,1.8714
SH600880,1997-08-13,14.3730,14.5976,13.7554,13.7928,284200,2155000.00,0.01366346,0.003930,1.8714
SH600880,1997-08-14,13.7928,14.3168,13.7928,14.3168,206500,1542000.00,0.00992788,0.002855,1.8714
SH600880,1997-08-15,12.8945,13.2875,12.8945,12.8945,602300,4180000.00,0.02895673,0.008328,1.8714
SH600880,1997-08-18,12.3705,12.8009,12.1646,12.7074,367300,2453000.00,0.01765865,0.005079,1.8714
SH600880,1997-08-19,12.5389,13.1378,12.5389,13.0630,236500,1619000.00,0.01137019,0.003270,1.8714
SH600880,1997-08-20,12.9881,13.1004,12.8197,13.0068,167600,1157000.00,0.00805769,0.002317,1.8714
SH600880,1997-08-21,13.1004,13.6057,13.1004,13.4747,278200,2005000.00,0.01337500,0.003847,1.8714
SH600880,1997-08-22,13.4747,13.4747,13.1378,13.3062,196100,1390000.00,0.00942788,0.002711,1.8714
SH600880,1997-08-25,13.3062,13.3062,12.9132,13.0630,291400,2029000.00,0.01400962,0.004029,1.8714
SH600880,1997-08-26,13.1940,13.1940,12.8197,13.0442,259100,1796000.00,0.01245673,0.003583,1.8714
SH600880,1997-08-27,13.1940,13.4372,13.0068,13.2314,284500,2005000.00,0.01367788,0.003934,1.8714
SH600880,1997-08-28,13.1004,13.8115,13.1004,13.7180,562100,4049000.00,0.02702404,0.007772,1.8714
SH600880,1997-08-29,13.6618,13.9987,13.5683,13.8303,472400,3486000.00,0.02271154,0.006532,1.8714
SH600880,1997-09-01,13.4934,13.8303,13.4747,13.7180,376600,2738000.00,0.01810577,0.005207,1.8714
SH600880,1997-09-02,13.8115,13.9987,13.5870,13.9238,381000,2800000.00,0.01831731,0.005268,1.8714
SH600880,1997-09-03,14.1110,14.5976,13.9426,14.5227,533200,4061000.00,0.02563462,0.007373,1.8714
SH600880,1997-09-04,15.0467,15.0467,14.3168,14.3730,483400,3765000.00,0.02324038,0.006684,1.8714
SH600880,1997-09-05,14.4104,14.5040,14.0361,14.2233,366000,2774000.00,0.01759615,0.005061,1.8714
SH600880,1997-09-08,14.3168,14.6163,14.2233,14.6163,271900,2087000.00,0.01307212,0.003760,1.8714
SH600880,1997-09-09,14.5976,14.7473,14.0923,14.1297,246900,1895000.00,0.01187019,0.003414,1.8714
SH600880,1997-09-10,14.0361,14.3730,13.7741,14.2607,311400,2342000.00,0.01497115,0.004306,1.8714
SH600880,1997-09-11,14.3168,14.8783,13.7554,13.9987,377600,2896000.00,0.01815385,0.005221,1.8714
SH600880,1997-09-12,13.9426,14.2607,13.6805,13.7180,205200,1529000.00,0.00986538,0.002837,1.8714
SH600880,1997-09-15,13.7554,13.8864,13.1565,13.2127,160100,1143000.00,0.00769712,0.002214,1.8714
SH600880,1997-09-16,13.4747,13.4747,13.2875,13.3437,100200,714000.00,0.00481731,0.001385,1.8714
SH600880,1997-09-17,13.2875,13.3624,13.1004,13.1378,95800,676000.00,0.00460577,0.001325,1.8714
SH600880,1997-09-18,13.0817,13.2875,13.0817,13.1940,94700,665000.00,0.00455288,0.001309,1.8714
SH600880,1997-09-19,13.2314,13.4747,13.1004,13.3811,60400,428000.00,0.00290385,0.000835,1.8714
SH600880,1997-09-22,13.4560,13.4560,12.4454,12.5389,148500,1027000.00,0.00713942,0.002053,1.8714
SH600880,1997-09-23,12.4454,12.9132,11.3225,11.5096,193100,1242000.00,0.00928365,0.002670,1.8714
SH600880,1997-09-24,11.6968,12.2769,11.6968,12.1646,173700,1116000.00,0.00835096,0.002402,1.8714
SH600880,1997-09-25,12.3144,12.7261,12.3144,12.6325,257800,1716000.00,0.01239423,0.003565,1.8714
SH600880,1997-09-26,12.5389,12.5389,12.1085,12.4828,154800,1018000.00,0.00744231,0.002140,1.8714
SH600880,1997-09-29,12.4828,12.4828,11.9775,11.9962,82300,530000.00,0.00395673,0.001138,1.8714
SH600880,1997-09-30,12.4641,12.5389,11.9962,12.1646,61700,402000.00,0.00296635,0.000853,1.8714
SH600880,1997-10-06,11.8839,12.5389,11.8839,12.2769,97700,645000.00,0.00469712,0.001351,1.8714
SH600880,1997-10-07,12.0898,12.4266,11.9962,12.4266,42200,274000.00,0.00202885,0.000584,1.8714
SH600880,1997-10-08,12.6325,12.9132,12.4454,12.6887,146700,994000.00,0.00705288,0.002028,1.8714
SH600880,1997-10-09,12.3144,12.7448,12.3144,12.4079,56300,377000.00,0.00270673,0.000778,1.8714
SH600880,1997-10-10,12.6887,12.6887,12.3331,12.4828,71900,481000.00,0.00345673,0.000994,1.8714
SH600880,1997-10-13,12.5015,12.7261,12.3518,12.4641,85500,572000.00,0.00411058,0.001182,1.8714
SH600880,1997-10-14,12.5015,12.5015,11.2850,12.3518,60000,392000.00,0.00288462,0.000830,1.8714
SH600880,1997-10-15,12.3518,12.7261,12.1646,12.6699,126100,840000.00,0.00606250,0.001744,1.8714
SH600880,1997-10-16,12.7261,12.7261,12.5015,12.6699,130200,876000.00,0.00625962,0.001800,1.8714
SH600880,1997-10-17,12.7448,12.9132,12.6512,12.8384,162400,1109000.00,0.00780769,0.002246,1.8714
SH600880,1997-10-20,12.9132,13.1004,12.7074,12.8197,222300,1535000.00,0.01068750,0.003074,1.8714
SH600880,1997-10-21,12.8197,13.5121,12.7261,13.3624,231300,1618000.00,0.01112019,0.003198,1.8714
SH600880,1997-10-22,13.2875,13.3062,12.6887,12.8197,257500,1774000.00,0.01237981,0.003560,1.8714
SH600880,1997-10-23,12.8945,12.8945,12.3892,12.6325,291600,1967000.00,0.01401923,0.004032,1.8714
SH600880,1997-10-24,12.6325,12.8009,12.3518,12.7822,202000,1354000.00,0.00971154,0.002793,1.8714
SH600880,1997-10-27,12.6325,13.2875,12.4641,13.2875,384700,2672000.00,0.01849519,0.005319,1.8714
SH600880,1997-10-28,13.4747,13.5495,12.5389,12.8197,273300,1906000.00,0.01313942,0.003779,1.8714
SH600880,1997-10-29,12.6325,12.7261,12.1646,12.7261,156000,1044000.00,0.00750000,0.002157,1.8714
SH600880,1997-10-30,12.6325,12.8197,12.3518,12.5015,204300,1370000.00,0.00982212,0.002825,1.8714
SH600880,1997-10-31,12.3144,12.4828,12.1646,12.4454,146000,961000.00,0.00701923,0.002019,1.8714
SH600880,1997-11-03,12.3892,12.5951,12.3144,12.5951,111200,739000.00,0.00534615,0.001538,1.8714
SH600880,1997-11-04,12.5951,12.6325,12.3518,12.4454,118400,792000.00,0.00569231,0.001637,1.8714
SH600880,1997-11-05,12.8009,12.8009,12.4454,12.6325,106800,718000.00,0.00513462,0.001477,1.8714
SH600880,1997-11-06,12.5576,12.6512,12.5015,12.5389,171700,1154000.00,0.00825481,0.002374,1.8714
SH600880,1997-11-07,12.6325,12.6325,12.2769,12.5576,201400,1339000.00,0.00968269,0.002785,1.8714
SH600880,1997-11-10,12.7074,13.4185,12.5389,13.0068,371800,2584000.00,0.01787500,0.005141,1.8714
SH600880,1997-11-11,13.0068,13.0630,12.6512,12.9881,192700,1326000.00,0.00926442,0.002664,1.8714
SH600880,1997-11-12,13.0068,13.2688,12.7448,12.8009,150000,1039000.00,0.00721154,0.002074,1.8714
SH600880,1997-11-13,12.7448,12.9132,12.4454,12.7074,139700,942000.00,0.00671635,0.001932,1.8714
SH600880,1997-11-14,12.8197,13.0630,12.6512,12.8945,162400,1119000.00,0.00780769,0.002246,1.8714
SH600880,1997-11-17,13.0630,13.2501,12.9132,13.0255,231300,1619000.00,0.01112019,0.003198,1.8714
SH600880,1997-11-18,13.0255,13.5495,12.9132,13.4372,513500,3660000.00,0.02468750,0.007100,1.8714
SH600880,1997-11-19,13.3437,14.2233,13.3437,13.8490,1105800,8212000.00,0.05316346,0.015290,1.8714
SH600880,1997-11-20,13.8490,13.9613,13.4934,13.5870,509500,3731000.00,0.02449519,0.007045,1.8714
SH600880,1997-11-21,13.3811,13.4747,13.1004,13.2875,389500,2767000.00,0.01872596,0.005386,1.8714
SH600880,1997-11-24,13.1004,13.2127,12.9132,12.9132,272200,1892000.00,0.01308654,0.003764,1.8714
SH600880,1997-11-25,12.8945,13.0630,12.6512,13.0442,132700,908000.00,0.00637981,0.001835,1.8714
SH600880,1997-11-26,13.0068,13.2501,12.8197,13.2314,116000,809000.00,0.00557692,0.001604,1.8714
SH600880,1997-11-27,13.2314,13.2875,12.9132,12.9132,109200,765000.00,0.00525000,0.001510,1.8714
SH600880,1997-11-28,12.9132,13.1004,12.8197,13.0630,90000,624000.00,0.00432692,0.001244,1.8714
SH600880,1997-12-01,13.0255,13.6431,13.0255,13.4934,288700,2080000.00,0.01387981,0.003992,1.8714
SH600880,1997-12-02,13.4934,13.6431,13.1752,13.1940,173500,1245000.00,0.00834135,0.002399,1.8714
SH600880,1997-12-03,13.1004,13.2875,12.8384,12.9132,96800,673000.00,0.00465385,0.001338,1.8714
SH600880,1997-12-04,12.8571,13.4372,12.6887,12.9881,115000,806000.00,0.00552885,0.001590,1.8714
SH600880,1997-12-05,13.0255,13.2501,13.0255,13.1940,126100,883000.00,0.00606250,0.001744,1.8714
SH600880,1997-12-08,13.4372,13.4372,13.1940,13.2501,149800,1063000.00,0.00720192,0.002071,1.8714
SH600880,1997-12-09,13.2875,13.7554,13.1004,13.7180,349700,2540000.00,0.01681250,0.004835,1.8714
SH600880,1997-12-10,13.8677,13.9800,13.3998,13.5495,176900,1283000.00,0.00850481,0.002446,1.8714
SH600880,1997-12-11,13.4934,13.8303,13.4934,13.7741,313100,2292000.00,0.01505288,0.004329,1.8714
SH600880,1997-12-12,13.8303,13.8490,13.3998,13.4747,264700,1918000.00,0.01272596,0.003660,1.8714
SH600880,1997-12-15,13.8115,14.3730,13.5683,14.2233,776300,5846000.00,0.03732212,0.010734,1.8714
SH600880,1997-12-16,14.2233,15.0467,14.2233,14.9344,1325800,10394000.00,0.06374038,0.018332,1.8714
SH600880,1997-12-17,14.7847,15.3462,14.2420,15.0654,1596300,12697000.00,0.07674519,0.022072,1.8714
SH600880,1997-12-18,14.9719,15.8140,14.6350,15.6830,1375300,11338000.00,0.06612019,0.019016,1.8714
SH600880,1997-12-19,15.6269,16.4691,15.4397,16.2445,1425900,12278000.00,0.06855288,0.019716,1.8714
SH600880,1997-12-22,16.4503,17.1241,15.9076,17.1241,1496800,13076000.00,0.07196154,0.020696,1.8714
SH600880,1997-12-23,16.8434,17.9850,16.6375,17.9663,2311400,21734000.00,0.11112500,0.031960,1.8714
SH600880,1997-12-24,17.9288,18.3593,17.5920,17.8727,1193200,11374000.00,0.05736538,0.016498,1.8714
SH600880,1997-12-25,17.5545,18.0598,17.4984,17.8352,624800,5950000.00,0.03003846,0.008639,1.8714
SH600880,1997-12-26,17.7978,18.7149,17.7978,18.6213,938700,9208000.00,0.04512981,0.012979,1.8714
SH600880,1997-12-29,18.6213,19.4634,18.3406,18.8271,646700,6541000.00,0.03109135,0.008942,1.8714
SH600880,1997-12-30,18.6400,18.8833,18.0598,18.0598,761000,7493000.00,0.03658654,0.010522,1.8714
SH600880,1997-12-31,17.7978,18.9956,17.7791,18.7149,681200,6690000.00,0.03275000,0.009419,1.8714
SH600880,1998-01-05,19.0891,19.1827,18.8459,19.0517,448200,4557000.00,0.02154808,0.006197,1.8714
SH600880,1998-01-06,19.0143,19.4260,18.7149,18.9020,421200,4293000.00,0.02025000,0.005824,1.8714
SH600880,1998-01-07,18.9020,19.1640,17.7978,18.4154,424100,4191000.00,0.02038942,0.005864,1.8714
SH600880,1998-01-08,18.1347,18.3406,17.5920,17.9663,412900,3973000.00,0.01985096,0.005709,1.8714
SH600880,1998-01-09,17.6855,19.4634,17.5732,19.0143,761200,7689000.00,0.03659615,0.010525,1.8714
SH600880,1998-01-12,18.6961,19.4634,18.1534,18.5277,586300,5997000.00,0.02818750,0.008107,1.8714
SH600880,1998-01-13,17.7791,18.3406,16.6749,17.3112,811700,7368000.00,0.03902404,0.011223,1.8714
SH600880,1998-01-14,16.9182,18.0598,16.8808,17.5920,365500,3427000.00,0.01757212,0.005054,1.8714
SH600880,1998-01-15,17.7417,17.7417,17.2364,17.2364,382200,3554000.00,0.01837500,0.005285,1.8714
SH600880,1998-01-16,17.4048,18.3406,17.4048,17.6668,204400,1932000.00,0.00982692,0.002826,1.8714
SH600880,1998-01-19,17.5920,18.3780,17.5920,17.8727,161700,1560000.00,0.00777404,0.002236,1.8714
SH600880,1998-01-20,18.1534,18.2470,17.5171,17.5171,107200,1017000.00,0.00515385,0.001482,1.8714
SH600880,1998-01-21,17.2177,17.7791,17.2177,17.4048,56800,531000.00,0.00273077,0.000785,1.8714
SH600880,1998-01-22,17.4048,17.7604,17.4048,17.5920,150400,1410000.00,0.00723077,0.002080,1.8714
SH600880,1998-01-23,17.6294,18.8646,17.4984,18.7149,500200,4901000.00,0.02404808,0.006916,1.8714
SH600880,1998-02-09,19.6506,20.0436,19.0891,20.0436,517600,5423000.00,0.02488462,0.007157,1.8714
SH600880,1998-02-10,19.6506,20.7173,19.6506,20.0436,469600,5055000.00,0.02257692,0.006493,1.8714
SH600880,1998-02-11,20.0249,20.7735,19.7442,20.7735,587900,6436000.00,0.02826442,0.008129,1.8714
SH600880,1998-02-12,20.5863,20.9232,19.9313,20.3992,342300,3702000.00,0.01645673,0.004733,1.8714
SH600880,1998-02-13,20.0436,20.3805,19.4634,19.5757,210200,2235000.00,0.01010577,0.002906,1.8714
SH600880,1998-02-16,18.9581,19.6506,18.7897,19.0517,209900,2149000.00,0.01009135,0.002902,1.8714
SH600880,1998-02-17,19.2576,19.5757,18.8646,19.0891,170600,1744000.00,0.00820192,0.002359,1.8714
SH600880,1998-02-18,19.6132,19.6132,18.9020,19.2763,146200,1496000.00,0.00702885,0.002022,1.8714
SH600880,1998-02-19,19.2763,19.2763,18.9207,19.0891,66200,674000.00,0.00318269,0.000915,1.8714
SH600880,1998-02-20,18.9956,19.0891,18.7523,18.8833,115900,1169000.00,0.00557212,0.001603,1.8714
SH600880,1998-02-23,18.5277,18.7149,17.6107,18.7149,306800,2933000.00,0.01475000,0.004242,1.8714
SH600880,1998-02-24,17.8165,18.6026,17.8165,18.2095,136700,1339000.00,0.00657212,0.001890,1.8714
SH600880,1998-02-25,18.1534,18.3780,17.8727,18.1347,54300,526000.00,0.00261058,0.000751,1.8714
SH600880,1998-02-26,17.2364,18.5090,17.2364,18.2283,55700,539000.00,0.00267788,0.000770,1.8714
SH600880,1998-02-27,18.2844,18.3031,18.0037,18.2095,141400,1371000.00,0.00679808,0.001955,1.8714
SH600880,1998-03-02,18.2095,18.6961,17.5920,17.8727,187000,1802000.00,0.00899038,0.002586,1.8714
SH600880,1998-03-03,17.6107,18.0598,16.0948,16.0948,574400,5214000.00,0.02761538,0.007942,1.8714
SH600880,1998-03-04,16.8621,17.7042,16.4691,17.7042,375700,3495000.00,0.01806250,0.005195,1.8714
SH600880,1998-03-05,17.7791,18.9020,17.7791,18.5838,484200,4766000.00,0.02327885,0.006695,1.8714
SH600880,1998-03-06,18.4341,18.6213,18.0785,18.6213,228200,2230000.00,0.01097115,0.003155,1.8714
SH600880,1998-03-09,18.5090,18.7149,18.0785,18.2470,257900,2535000.00,0.01239904,0.003566,1.8714
SH600880,1998-03-10,18.4716,18.4716,17.7604,18.3406,150200,1454000.00,0.00722115,0.002077,1.8714
SH600880,1998-03-11,18.5464,18.5464,18.0598,18.3406,142100,1389000.00,0.00683173,0.001965,1.8714
SH600880,1998-03-12,18.3406,18.3406,17.9663,18.1908,136200,1322000.00,0.00654808,0.001883,1.8714
SH600880,1998-03-13,17.9850,18.4341,17.9850,18.3406,199100,1937000.00,0.00957212,0.002753,1.8714
SH600880,1998-03-16,18.3218,18.6774,18.2470,18.6587,240000,2361000.00,0.01153846,0.003318,1.8714
SH600880,1998-03-17,18.7149,19.4260,18.5277,19.3699,283000,2891000.00,0.01360577,0.003913,1.8714
SH600880,1998-03-18,19.4634,19.6506,18.5464,19.6506,654800,6719000.00,0.03148077,0.009054,1.8714
SH600880,1998-03-19,19.6506,19.8003,19.1827,19.6132,419100,4378000.00,0.02014904,0.005795,1.8714
SH600880,1998-03-20,19.2763,19.4634,18.9020,19.2576,126000,1284000.00,0.00605769,0.001742,1.8714
SH600880,1998-03-23,18.9020,19.0891,18.7149,18.8084,103800,1041000.00,0.00499038,0.001435,1.8714
SH600880,1998-03-24,19.2763,19.2763,18.5277,18.6213,108300,1087000.00,0.00520673,0.001497,1.8714
SH600880,1998-03-25,18.5277,19.1266,18.5277,18.6774,152300,1530000.00,0.00732212,0.002106,1.8714
SH600880,1998-03-26,18.6400,18.7336,18.2095,18.4903,140700,1382000.00,0.00676442,0.001945,1.8714
SH600880,1998-03-27,18.3406,18.9020,17.7791,18.6587,175600,1737000.00,0.00844231,0.002428,1.8714
SH600880,1998-03-30,19.4260,19.4634,18.3406,18.9020,295900,2976000.00,0.01422596,0.004091,1.8714
SH600880,1998-03-31,18.8084,20.7922,18.6213,20.6799,1108900,11831000.00,0.05331250,0.015333,1.8714
SH600880,1998-04-01,20.6799,20.9794,20.0249,20.2120,796600,8718000.00,0.03829808,0.011015,1.8714
SH600880,1998-04-02,20.4366,21.7467,20.4366,21.2601,1332700,15119000.00,0.06407212,0.018427,1.8714
SH600880,1998-04-03,21.4847,21.7092,21.1478,21.6157,986900,11291000.00,0.04744712,0.013646,1.8714
SH600880,1998-04-06,21.7092,22.0835,20.7735,21.0355,580100,6643000.00,0.02788942,0.008021,1.8714
SH600880,1998-04-07,20.9606,20.9794,20.0249,20.2120,560500,6088000.00,0.02694712,0.007750,1.8714
SH600880,1998-04-08,20.6799,21.3724,20.3056,20.6799,673200,7425000.00,0.03236538,0.009308,1.8714
SH600880,1998-04-09,20.7735,21.1104,19.5570,19.6506,596100,6409000.00,0.02865865,0.008242,1.8714
SH600880,1998-04-10,19.6319,20.3618,19.4260,19.5570,341200,3584000.00,0.01640385,0.004718,1.8714
SH600880,1998-04-13,19.5570,20.0998,19.5570,19.5945,307500,3250000.00,0.01478365,0.004252,1.8714
SH600880,1998-04-14,19.5945,20.0249,19.5945,19.8003,367200,3895000.00,0.01765385,0.005077,1.8714
SH600880,1998-04-15,19.8377,21.4847,19.7067,20.2120,669500,7330000.00,0.03218750,0.009257,1.8714
SH600880,1998-04-17,20.9232,21.2975,19.3324,19.7629,151700,1617000.00,0.00729327,0.002098,1.8714
SH600880,1998-04-20,19.4634,19.8003,19.0891,19.2763,185600,1927000.00,0.00892308,0.002566,1.8714
SH600880,1998-04-21,19.6132,20.1372,19.1827,19.6506,193500,2011000.00,0.00930288,0.002676,1.8714
SH600880,1998-04-22,19.6132,20.2120,19.4634,19.6693,277300,2930000.00,0.01333173,0.003834,1.8714
SH600880,1998-04-23,20.0249,20.1933,19.2763,19.4634,182200,1902000.00,0.00875962,0.002519,1.8714
SH600880,1998-04-24,19.6132,19.6132,19.0143,19.0891,300200,3070000.00,0.01443269,0.004151,1.8714
SH600880,1998-04-27,19.0891,19.0891,18.3406,18.3780,299100,2946000.00,0.01437981,0.004136,1.8714
SH600880,1998-04-28,18.5277,20.1746,18.5277,18.9581,226400,2295000.00,0.01088462,0.003130,1.8714
SH600880,1998-04-29,18.9956,18.9956,18.6213,18.8084,186700,1871000.00,0.00897596,0.002582,1.8714
SH600880,1998-04-30,19.4260,19.8003,18.9207,19.4447,247800,2580000.00,0.01191346,0.003426,1.8714
SH600880,1998-05-04,19.4634,19.6506,19.0891,19.2014,205600,2120000.00,0.00988462,0.002843,1.8714
SH600880,1998-05-05,19.2202,19.2202,18.7149,18.9956,180600,1821000.00,0.00868269,0.002497,1.8714
SH600880,1998-05-06,19.0143,19.4260,18.9020,19.0891,342700,3497000.00,0.01647596,0.004739,1.8714
SH600880,1998-05-07,19.2576,19.2576,18.7523,18.8646,343200,3463000.00,0.01650000,0.004745,1.8714
SH600880,1998-05-08,19.0704,20.1746,18.5838,19.7629,912500,9488000.00,0.04387019,0.012617,1.8714
SH600880,1998-05-11,19.9687,21.1478,19.6506,20.9794,1623800,17895000.00,0.07806731,0.022452,1.8714
SH600880,1998-05-12,20.9794,22.4578,20.9606,22.0835,2084800,24203000.00,0.10023077,0.028827,1.8714
SH600880,1998-05-13,21.9900,22.8321,21.6905,22.4578,1446000,17119000.00,0.06951923,0.019994,1.8714
SH600880,1998-05-14,22.2707,22.7386,21.7092,22.2333,1070600,12701000.00,0.05147115,0.014803,1.8714
SH600880,1998-05-15,21.9900,22.2333,20.9606,21.1478,810200,9419000.00,0.03895192,0.011203,1.8714
SH600880,1998-05-18,20.9606,21.6157,20.7735,21.6157,874100,9944000.00,0.04202404,0.012086,1.8714
SH600880,1998-05-19,21.7092,23.7866,21.7092,23.0754,2401300,29934000.00,0.11544712,0.033203,1.8714
SH600880,1998-05-20,22.8321,24.3293,22.4204,23.7679,1647700,20849000.00,0.07921635,0.022783,1.8714
SH600880,1998-05-21,23.7679,24.4229,23.3936,24.1422,1361000,17534000.00,0.06543269,0.018819,1.8714
SH600880,1998-05-22,24.1796,24.8721,23.7679,24.6849,1632800,21332000.00,0.07850000,0.022577,1.8714
SH600880,1998-05-25,24.8908,25.4522,24.3293,25.3774,1406300,18805000.00,0.06761058,0.019445,1.8714
SH600880,1998-05-26,25.6394,25.6394,24.3293,25.4148,1117200,14918000.00,0.05371154,0.015448,1.8714
SH600880,1998-05-27,25.2651,25.2651,24.3480,24.8908,409500,5431000.00,0.01968750,0.005662,1.8714
SH600880,1998-05-28,24.8908,25.2276,23.9550,24.4603,516200,6756000.00,0.02481731,0.007138,1.8714
SH600880,1998-05-29,24.4790,24.6475,23.1690,23.7679,1183700,14940000.00,0.05690865,0.016367,1.8714
SH600880,1998-06-01,23.5807,24.2919,23.3936,23.7679,540500,6875000.00,0.02598558,0.007474,1.8714
SH600880,1998-06-02,23.7866,24.2357,23.3936,24.1422,413900,5315000.00,0.01989904,0.005723,1.8714
SH600880,1998-06-03,23.7679,24.9843,23.7679,24.6849,519400,6842000.00,0.02497115,0.007182,1.8714
SH600880,1998-06-04,24.9843,25.0779,23.8614,24.0673,573000,7472000.00,0.02754808,0.007923,1.8714
SH600880,1998-06-05,23.9550,24.4603,23.7304,23.9363,558400,7183000.00,0.02684615,0.007721,1.8714
SH600880,1998-06-08,24.3293,24.7223,23.3936,24.5726,473300,6174000.00,0.02275481,0.006544,1.8714
SH600880,1998-06-09,23.9737,24.5165,23.5433,23.5433,751300,9602000.00,0.03612019,0.010388,1.8714
SH600880,1998-06-10,24.3293,24.3293,23.3936,24.1422,418800,5381000.00,0.02013462,0.005791,1.8714
SH600880,1998-06-11,24.1422,24.3855,23.0193,23.4871,488200,6229000.00,0.02347115,0.006750,1.8714
SH600880,1998-06-12,24.1047,24.3480,23.6743,24.3293,597100,7727000.00,0.02870673,0.008256,1.8714
SH600880,1998-06-15,24.7410,25.2651,23.8240,25.2464,797500,10588000.00,0.03834135,0.011027,1.8714
SH600880,1998-06-16,23.3936,25.1715,23.3936,24.7036,453100,5951000.00,0.02178365,0.006265,1.8714
SH600880,1998-06-17,24.5352,24.8533,23.9550,24.5913,369500,4838000.00,0.01776442,0.005109,1.8714
SH600880,1998-06-18,24.7972,25.9388,24.6100,25.7329,680900,9244000.00,0.03273558,0.009415,1.8714
SH600880,1998-06-19,25.7704,25.7704,24.7223,25.2651,415200,5626000.00,0.01996154,0.005741,1.8714
SH600880,1998-06-22,25.6065,25.6065,24.8478,24.9047,380000,4996000.00,0.01826923,0.005254,1.8967
SH600880,1998-06-23,25.5686,25.5686,24.4874,25.5496,243800,3210000.00,0.01172115,0.003371,1.8967
SH600880,1998-06-24,25.0375,25.5686,24.9426,25.3789,202800,2700000.00,0.00975000,0.002804,1.8967
SH600880,1998-06-25,24.6771,26.0617,24.6771,25.5117,336600,4516000.00,0.01618269,0.004654,1.8967
SH600880,1998-06-26,25.5117,25.6065,25.0375,25.2271,185700,2477000.00,0.00892788,0.002568,1.8967
SH600880,1998-06-29,25.4168,25.4168,24.2787,24.5253,446300,5778000.00,0.02145673,0.006171,1.8967
SH600880,1998-06-30,23.9942,24.9426,23.9942,24.6581,433000,5606000.00,0.02081731,0.005987,1.8967
SH600880,1998-07-01,24.8098,25.0375,23.9942,24.0891,917700,11877000.00,0.04412019,0.012689,1.8967
SH600880,1998-07-02,23.9942,25.4168,23.9942,25.1133,365700,4815000.00,0.01758173,0.005057,1.8967
SH600880,1998-07-03,24.2977,25.7013,24.1839,25.6065,433700,5822000.00,0.02085096,0.005997,1.8967
SH600880,1998-07-06,26.8963,26.8963,24.7529,25.3978,146000,1961000.00,0.00701923,0.002019,1.8967
SH600880,1998-07-07,25.9858,25.9858,25.3220,25.8910,296200,4028000.00,0.01424038,0.004096,1.8967
SH600880,1998-07-08,25.2082,26.8394,25.2082,26.6497,323000,4493000.00,0.01552885,0.004466,1.8967
SH600880,1998-07-09,26.6308,26.7446,26.2324,26.7256,156200,2181000.00,0.00750962,0.002160,1.8967
SH600880,1998-07-10,26.5549,27.1239,26.3652,26.9342,185800,2625000.00,0.00893269,0.002569,1.8967
SH600880,1998-07-13,27.0291,28.5275,26.9342,28.4517,506700,7462000.00,0.02436058,0.007006,1.8967
SH600880,1998-07-14,28.2241,29.6846,28.0723,28.9259,574400,8701000.00,0.02761538,0.007942,1.8967
SH600880,1998-07-15,28.0723,29.2104,27.9016,28.4517,251100,3785000.00,0.01207212,0.003472,1.8967
SH600880,1998-07-16,28.4517,28.9828,27.2188,27.4084,187800,2775000.00,0.00902885,0.002597,1.8967
SH600880,1998-07-17,27.1050,28.2241,26.7446,27.4084,334400,4789000.00,0.01607692,0.004624,1.8967
SH600880,1998-07-20,26.9532,26.9532,25.3409,25.3409,189800,2614000.00,0.00912500,0.002624,1.8967
SH600880,1998-07-21,25.5117,25.8341,24.4305,25.4168,404900,5432000.00,0.01946635,0.005599,1.8967
SH600880,1998-07-22,25.2271,25.7962,24.4684,24.5443,181300,2389000.00,0.00871635,0.002507,1.8967
SH600880,1998-07-23,24.7529,25.3978,24.3357,24.7529,158700,2067000.00,0.00762981,0.002194,1.8967
SH600880,1998-07-24,25.0375,25.7203,25.0375,25.0375,207600,2771000.00,0.00998077,0.002870,1.8967
SH600880,1998-07-27,24.8478,25.4168,24.6581,25.0375,159100,2102000.00,0.00764904,0.002200,1.8967
SH600880,1998-07-28,25.3789,26.8584,24.8478,26.5549,1725500,23860000.00,0.08295673,0.023858,1.8967
SH600880,1998-07-29,26.5169,26.9153,25.0375,26.2324,457700,6273000.00,0.02200481,0.006329,1.8967
SH600880,1998-07-30,26.1755,26.3652,25.0375,26.3652,299400,4079000.00,0.01439423,0.004140,1.8967
SH600880,1998-07-31,25.6444,26.1945,25.0375,25.9858,240100,3286000.00,0.01154327,0.003320,1.8967
SH600880,1998-08-03,25.9669,25.9858,25.3409,25.9100,131600,1788000.00,0.00632692,0.001820,1.8967
SH600880,1998-08-04,25.1892,25.6065,25.1892,25.5875,54400,728000.00,0.00261538,0.000752,1.8967
SH600880,1998-08-05,25.7582,26.3652,25.4168,26.3462,359100,4936000.00,0.01726442,0.004965,1.8967
SH600880,1998-08-06,26.0428,26.5549,25.7962,26.1376,312900,4311000.00,0.01504327,0.004326,1.8967
SH600880,1998-08-07,26.0807,26.3652,25.4168,25.5686,263400,3570000.00,0.01266346,0.003642,1.8967
SH600880,1998-08-10,25.3789,25.6444,24.5822,25.2082,232500,3081000.00,0.01117788,0.003215,1.8967
SH600880,1998-08-11,25.1702,25.1892,24.2787,24.6202,58400,755000.00,0.00280769,0.000808,1.8967
SH600880,1998-08-13,24.6012,24.9995,24.0511,24.0511,55000,705000.00,0.00264423,0.000760,1.8967
SH600880,1998-08-14,23.7097,24.4305,22.6665,23.4252,144300,1781000.00,0.00693750,0.001995,1.8967
SH600880,1998-08-17,23.1407,23.1407,21.0922,21.0922,85200,962000.00,0.00409615,0.001178,1.8967
SH600880,1998-08-18,19.9920,20.8456,19.3661,20.0679,195400,2081000.00,0.00939423,0.002702,1.8967
SH600880,1998-08-19,20.1058,22.0026,20.1058,22.0026,215100,2423000.00,0.01034135,0.002974,1.8967
SH600880,1998-08-20,20.1058,22.7613,20.1058,22.6665,154900,1804000.00,0.00744712,0.002142,1.8967
SH600880,1998-08-21,22.0216,23.1217,21.1491,22.7613,763800,8820000.00,0.03672115,0.010561,1.8967
SH600880,1998-08-24,22.1923,23.3304,22.1923,22.7993,223000,2672000.00,0.01072115,0.003083,1.8967
SH600880,1998-08-25,22.5147,23.5580,22.5147,23.5011,251400,3037000.00,0.01208654,0.003476,1.8967
SH600880,1998-08-26,23.7097,24.0891,23.1407,23.8046,168600,2097000.00,0.00810577,0.002331,1.8967
SH600880,1998-08-27,23.5200,24.1839,23.0269,23.5959,173600,2161000.00,0.00834615,0.002400,1.8967
SH600880,1998-08-28,23.3304,23.6907,22.7613,23.0458,90500,1103000.00,0.00435096,0.001251,1.8967
SH600880,1998-08-31,21.4336,23.2355,21.4336,23.2165,153000,1814000.00,0.00735577,0.002116,1.8967
SH600880,1998-09-01,22.2871,23.5200,22.2871,23.1407,102200,1241000.00,0.00491346,0.001413,1.8967
SH600880,1998-09-02,22.6096,23.6907,22.6096,23.3114,53800,654000.00,0.00258654,0.000744,1.8967
SH600880,1998-09-03,22.7803,24.3167,22.7803,23.3304,96300,1188000.00,0.00462981,0.001332,1.8967
SH600880,1998-09-04,23.0458,24.2787,23.0079,23.8804,119000,1497000.00,0.00572115,0.001645,1.8967
SH600880,1998-09-07,23.5390,24.2218,23.5390,23.6338,80700,1015000.00,0.00387981,0.001116,1.8967
SH600880,1998-09-08,23.5769,24.2408,23.3304,23.8994,82300,1031000.00,0.00395673,0.001138,1.8967
SH600880,1998-09-09,23.4442,24.1460,23.4442,24.0701,90400,1140000.00,0.00434615,0.001250,1.8967
SH600880,1998-09-10,24.0891,25.6065,24.0891,25.1323,283400,3742000.00,0.01362500,0.003919,1.8967
SH600880,1998-09-11,25.1892,26.4600,24.9426,25.7962,397700,5419000.00,0.01912019,0.005499,1.8967
SH600880,1998-09-14,26.5549,27.0670,25.9858,26.9342,579400,8073000.00,0.02785577,0.008011,1.8967
SH600880,1998-09-15,27.2188,27.8826,26.3652,26.5549,658400,9426000.00,0.03165385,0.009104,1.8967
SH600880,1998-09-16,26.1945,27.0480,26.1755,26.8773,409000,5721000.00,0.01966346,0.005655,1.8967
SH600880,1998-09-17,26.6118,26.9342,25.9669,26.2135,209900,2921000.00,0.01009135,0.002902,1.8967
SH600880,1998-09-18,25.9858,26.8394,25.8151,26.3652,223900,3112000.00,0.01076442,0.003096,1.8967
SH600880,1998-09-21,26.3652,26.3652,25.5117,26.0238,50800,694000.00,0.00244231,0.000702,1.8967
SH600880,1998-09-22,26.0238,26.1755,25.6065,25.7393,121500,1657000.00,0.00584135,0.001680,1.8967
SH600880,1998-09-23,25.7582,26.0807,25.3599,25.5117,222000,2991000.00,0.01067308,0.003070,1.8967
SH600880,1998-09-24,25.6065,25.6065,24.6581,25.0375,138400,1825000.00,0.00665385,0.001914,1.8967
SH600880,1998-09-25,24.8098,25.2840,24.8098,25.2271,207600,2752000.00,0.00998077,0.002870,1.8967
SH600880,1998-09-28,25.2271,25.7203,25.0564,25.3220,137000,1829000.00,0.00658654,0.001894,1.8967
SH600880,1998-09-29,25.1323,25.6065,25.1323,25.4548,141900,1901000.00,0.00682212,0.001962,1.8967
SH600880,1998-09-30,25.7582,25.7582,25.2271,25.5117,105100,1407000.00,0.00505288,0.001453,1.8967
SH600880,1998-10-05,25.6065,25.6065,25.2271,25.6065,66100,885000.00,0.00317788,0.000914,1.8967
SH600880,1998-10-06,25.6065,25.8910,25.2271,25.3220,113800,1539000.00,0.00547115,0.001574,1.8967
SH600880,1998-10-07,25.0564,25.6065,24.8667,25.0564,125600,1681000.00,0.00603846,0.001737,1.8967
SH600880,1998-10-08,25.0754,25.4168,22.7613,24.7529,109400,1428000.00,0.00525962,0.001513,1.8967
SH600880,1998-10-09,24.7529,25.0375,24.4874,24.6581,86400,1127000.00,0.00415385,0.001195,1.8967
SH600880,1998-10-12,22.9889,25.0564,22.9510,24.3546,108000,1380000.00,0.00519231,0.001493,1.8967
SH600880,1998-10-13,24.9237,24.9995,24.5443,24.5443,131400,1713000.00,0.00631731,0.001817,1.8967
SH600880,1998-10-14,24.3736,24.8098,24.3736,24.5633,30100,391000.00,0.00144712,0.000416,1.8967
SH600880,1998-10-15,24.9995,25.0375,24.1839,24.7529,74900,968000.00,0.00360096,0.001036,1.8967
SH600880,1998-10-16,24.7719,24.8098,24.4684,24.5822,84400,1093000.00,0.00405769,0.001167,1.8967
SH600880,1998-10-19,25.0375,25.7962,24.6581,25.7962,603400,8019000.00,0.02900962,0.008343,1.8967
SH600880,1998-10-20,25.7582,26.2704,25.7582,26.1755,782200,10762000.00,0.03760577,0.010815,1.8967
SH600880,1998-10-21,26.0807,26.3652,25.2840,25.7772,348300,4712000.00,0.01674519,0.004816,1.8967
SH600880,1998-10-22,25.6065,25.7013,24.7529,25.4548,508900,6798000.00,0.02446635,0.007037,1.8967
SH600880,1998-10-23,25.5117,25.9858,24.9616,25.7962,512100,6930000.00,0.02462019,0.007081,1.8967
SH600880,1998-10-26,25.7962,25.8910,25.1513,25.5117,562300,7553000.00,0.02703365,0.007775,1.8967
SH600880,1998-10-27,25.5117,25.6065,25.2271,25.6065,199100,2666000.00,0.00957212,0.002753,1.8967
SH600880,1998-10-28,25.6065,27.5033,25.5117,27.2946,1058900,14864000.00,0.05090865,0.014641,1.8967
SH600880,1998-10-29,27.1239,27.2946,26.1755,26.5169,318400,4481000.00,0.01530769,0.004403,1.8967
SH600880,1998-10-30,26.1755,26.7446,25.9858,26.3273,482800,6717000.00,0.02321154,0.006676,1.8967
SH600880,1998-11-02,26.4980,26.4980,25.7582,26.1755,612500,8392000.00,0.02944712,0.008469,1.8967
SH600880,1998-11-03,25.8910,26.4221,25.4168,26.1755,449200,6115000.00,0.02159615,0.006211,1.8967
SH600880,1998-11-04,25.7962,26.4600,25.7962,26.2324,183700,2545000.00,0.00883173,0.002540,1.8967
SH600880,1998-11-05,26.2324,27.1239,26.1376,26.7446,788100,11148000.00,0.03788942,0.010897,1.8967
SH600880,1998-11-06,26.8394,26.9153,25.9858,26.9153,603000,8435000.00,0.02899038,0.008338,1.8967
SH600880,1998-11-09,27.0291,27.4653,26.1755,26.3273,1347300,18794000.00,0.06477404,0.018629,1.8967
SH600880,1998-11-10,26.1755,26.7446,26.1755,26.7066,256600,3593000.00,0.01233654,0.003548,1.8967
SH600880,1998-11-11,26.6497,27.0291,26.2135,26.7256,317700,4473000.00,0.01527404,0.004393,1.8967
SH600880,1998-11-12,26.6877,27.2188,26.2324,27.1808,843700,11966000.00,0.04056250,0.011666,1.8967
SH600880,1998-11-13,27.4084,27.9775,27.1239,27.8826,1435700,20987000.00,0.06902404,0.019851,1.8967
SH600880,1998-11-16,28.0723,29.5708,28.0723,29.0586,1612200,24552000.00,0.07750962,0.022292,1.8967
SH600880,1998-11-17,28.9259,29.1724,28.2430,28.4137,862000,13081000.00,0.04144231,0.011919,1.8967
SH600880,1998-11-18,29.4949,29.4949,27.9016,28.6224,1066200,16085000.00,0.05125962,0.014742,1.8967
SH600880,1998-11-19,28.6413,28.7931,28.2620,28.4517,520100,7828000.00,0.02500481,0.007191,1.8967
SH600880,1998-11-20,28.5465,28.9259,27.7119,28.7931,859200,12844000.00,0.04130769,0.011880,1.8967
SH600880,1998-11-23,28.8310,29.1914,27.8637,28.3758,196800,2921000.00,0.00946154,0.002721,1.8967
SH600880,1998-11-24,28.0723,28.5465,28.0723,28.1102,225900,3376000.00,0.01086058,0.003124,1.8967
SH600880,1998-11-25,27.9395,28.5465,27.5412,27.9395,281900,4180000.00,0.01355288,0.003898,1.8967
SH600880,1998-11-26,27.8826,27.9775,27.4464,27.5602,333000,4864000.00,0.01600962,0.004604,1.8967
SH600880,1998-11-27,26.5549,28.4517,26.5549,28.0723,320400,4719000.00,0.01540385,0.004430,1.8967
SH600880,1998-11-30,28.4517,28.6413,27.1239,28.2241,571400,8521000.00,0.02747115,0.007901,1.8967
SH600880,1998-12-01,27.7119,28.7931,27.7119,28.2241,315800,4712000.00,0.01518269,0.004367,1.8967
SH600880,1998-12-02,27.9775,28.3568,27.8826,28.2051,526800,7826000.00,0.02532692,0.007284,1.8967
SH600880,1998-12-03,28.2241,28.6413,25.6065,26.1755,1348100,19572000.00,0.06481250,0.018640,1.8967
SH600880,1998-12-04,25.6065,26.4411,23.9942,24.2598,571600,7542000.00,0.02748077,0.007904,1.8967
SH600880,1998-12-07,24.4684,24.9995,22.5716,23.5200,465500,5771000.00,0.02237981,0.006436,1.8967
SH600880,1998-12-08,23.4252,24.4684,23.3493,24.4305,567400,7097000.00,0.02727885,0.007845,1.8967
SH600880,1998-12-09,24.5633,24.9426,24.2787,24.9426,556000,7254000.00,0.02673077,0.007688,1.8967
SH600880,1998-12-10,25.0375,25.3599,22.7613,24.0891,416700,5465000.00,0.02003365,0.005762,1.8967
SH600880,1998-12-11,23.8046,25.0375,23.5200,24.8288,725200,9329000.00,0.03486538,0.010027,1.8967
SH600880,1998-12-14,24.6960,24.8667,23.1407,24.2408,203400,2578000.00,0.00977885,0.002812,1.8967
SH600880,1998-12-15,24.1839,24.5443,22.7993,23.6907,502800,6180000.00,0.02417308,0.006952,1.8967
SH600880,1998-12-16,23.5011,23.6907,23.3304,23.3493,104700,1295000.00,0.00503365,0.001448,1.8967
SH600880,1998-12-17,22.9510,23.5200,22.7993,23.1027,103000,1259000.00,0.00495192,0.001424,1.8967
SH600880,1998-12-18,22.8182,23.3114,22.6665,23.0648,109800,1327000.00,0.00527885,0.001518,1.8967
SH600880,1998-12-21,22.7613,22.7613,20.8645,22.4958,157800,1842000.00,0.00758654,0.002182,1.8967
SH600880,1998-12-22,21.8129,23.5200,21.0922,23.2924,213200,2520000.00,0.01025000,0.002948,1.8967
SH600880,1998-12-23,23.1217,23.2165,22.3820,22.4958,80200,956000.00,0.00385577,0.001109,1.8967
SH600880,1998-12-24,22.0974,22.7613,22.0974,22.6665,136700,1626000.00,0.00657212,0.001890,1.8967
SH600880,1998-12-25,22.9889,23.5200,22.5716,22.8372,33600,408000.00,0.00161538,0.000465,1.8967
SH600880,1998-12-28,22.5716,23.7097,22.5716,23.0458,115700,1419000.00,0.00556250,0.001600,1.8967
SH600880,1998-12-29,23.0458,23.0458,22.0026,22.5716,94900,1125000.00,0.00456250,0.001312,1.8967
SH600880,1998-12-30,22.7613,23.7097,22.3820,23.3304,130100,1592000.00,0.00625481,0.001799,1.8967
SH600880,1998-12-31,22.9510,24.8478,22.2302,24.4684,620200,7869000.00,0.02981731,0.008576,1.8967
SH600880,1999-01-04,24.0891,24.6581,23.8615,23.8994,88300,1127000.00,0.00424519,0.001221,1.8967
SH600880,1999-01-05,23.7097,23.8994,22.9510,23.2355,78000,957000.00,0.00375000,0.001079,1.8967
SH600880,1999-01-06,24.0891,24.0891,22.7613,23.4442,80800,982000.00,0.00388462,0.001117,1.8967
SH600880,1999-01-07,23.1407,23.8994,23.1407,23.3304,59500,739000.00,0.00286058,0.000823,1.8967
SH600880,1999-01-08,23.1596,23.9373,23.1407,23.8046,264500,3278000.00,0.01271635,0.003657,1.8967
SH600880,1999-01-11,24.0891,24.0891,23.3683,23.5200,73800,917000.00,0.00354808,0.001020,1.8967
SH600880,1999-01-12,23.5200,24.0701,23.1596,23.2355,53600,663000.00,0.00257692,0.000741,1.8967
SH600880,1999-01-13,23.6718,23.6718,22.7613,23.1217,116700,1410000.00,0.00561058,0.001614,1.8967
SH600880,1999-01-14,23.5200,23.7097,22.8751,23.1407,38700,471000.00,0.00186058,0.000535,1.8967
SH600880,1999-01-15,23.2735,23.2924,21.7181,22.8182,364800,4276000.00,0.01753846,0.005044,1.8967
SH600880,1999-01-18,22.1354,22.7613,22.1354,22.2302,80300,952000.00,0.00386058,0.001110,1.8967
SH600880,1999-01-19,22.1544,22.5716,21.4336,22.0026,156500,1798000.00,0.00752404,0.002164,1.8967
SH600880,1999-01-20,21.8129,21.8319,21.2439,21.3577,121000,1367000.00,0.00581731,0.001673,1.8967
SH600880,1999-01-21,21.8129,22.7613,21.3767,21.7181,45800,525000.00,0.00220192,0.000633,1.8967
SH600880,1999-01-22,21.4525,21.6991,21.1491,21.6991,173300,1947000.00,0.00833173,0.002396,1.8967
SH600880,1999-01-25,21.6233,22.3630,21.5474,21.6422,115500,1316000.00,0.00555288,0.001597,1.8967
SH600880,1999-01-26,21.6233,22.0026,21.2439,21.3387,55100,626000.00,0.00264904,0.000762,1.8967
SH600880,1999-01-27,21.8129,21.9836,20.8645,21.8129,168700,1902000.00,0.00811058,0.002333,1.8967
SH600880,1999-01-28,21.9267,22.2871,21.3387,21.4715,118100,1358000.00,0.00567788,0.001633,1.8967
SH600880,1999-01-29,20.9594,21.9267,20.8645,21.4336,54700,616000.00,0.00262981,0.000756,1.8967
SH600880,1999-02-01,21.9647,21.9647,21.4715,21.6233,38900,444000.00,0.00187019,0.000538,1.8967
SH600880,1999-02-02,21.7750,22.0026,21.3956,21.6612,40800,463000.00,0.00196154,0.000564,1.8967
SH600880,1999-02-03,21.6612,21.6612,21.3387,21.6422,44100,497000.00,0.00212019,0.000610,1.8967
SH600880,1999-02-04,20.9783,21.2439,20.9783,21.2439,24800,276000.00,0.00119231,0.000343,1.8967
SH600880,1999-02-05,21.6233,21.6233,20.1058,20.1058,73900,803000.00,0.00355288,0.001022,1.8967
SH600880,1999-02-08,19.3661,20.4852,19.3661,19.7454,61900,647000.00,0.00297596,0.000856,1.8967
SH600880,1999-02-09,19.7265,21.1491,18.9867,21.0542,134700,1455000.00,0.00647596,0.001863,1.8967
SH600880,1999-03-01,21.0542,21.7750,20.7128,21.0922,17600,197000.00,0.00084615,0.000243,1.8967
SH600880,1999-03-02,21.7371,21.9078,21.0732,21.1491,86400,972000.00,0.00415385,0.001195,1.8967
SH600880,1999-03-03,21.2060,21.7750,21.1870,21.5853,38200,434000.00,0.00183654,0.000528,1.8967
SH600880,1999-03-04,21.8129,21.9267,21.2629,21.6233,51100,583000.00,0.00245673,0.000707,1.8967
SH600880,1999-03-05,21.3008,21.9647,21.3008,21.7181,71800,820000.00,0.00345192,0.000993,1.8967
SH600880,1999-03-08,21.2060,21.9647,21.2060,21.6233,46900,534000.00,0.00225481,0.000648,1.8967
SH600880,1999-03-09,21.7940,21.8129,21.3387,21.5284,63400,717000.00,0.00304808,0.000877,1.8967
SH600880,1999-03-10,21.2439,21.6422,20.8835,21.5284,72100,807000.00,0.00346635,0.000997,1.8967
SH600880,1999-03-11,21.2439,23.6907,21.2439,22.6096,112800,1311000.00,0.00542308,0.001560,1.8967
SH600880,1999-03-12,22.7234,22.7234,22.1923,22.3061,61600,728000.00,0.00296154,0.000852,1.8967
SH600880,1999-03-15,22.7234,22.9510,22.3251,22.4768,98600,1169000.00,0.00474038,0.001363,1.8967
SH600880,1999-03-16,20.6180,22.9320,20.6180,22.2871,93500,1085000.00,0.00449519,0.001293,1.8967
SH600880,1999-03-17,22.2871,22.4389,22.0785,22.3820,127500,1500000.00,0.00612981,0.001763,1.8967
SH600880,1999-03-18,22.2871,22.2871,21.7181,21.9267,51200,593000.00,0.00246154,0.000708,1.8967
SH600880,1999-03-19,22.5527,22.5716,21.8888,22.0026,124400,1444000.00,0.00598077,0.001720,1.8967
SH600880,1999-03-22,22.3820,23.5200,22.3820,23.2545,472600,5719000.00,0.02272115,0.006535,1.8967
SH600880,1999-03-23,23.2735,23.5011,23.1407,23.2355,141600,1746000.00,0.00680769,0.001958,1.8967
SH600880,1999-03-24,23.1407,23.7097,21.8888,22.6285,337600,4024000.00,0.01623077,0.004668,1.8967
SH600880,1999-03-25,23.6718,24.3546,22.4199,24.2408,676500,8404000.00,0.03252404,0.009354,1.8967
SH600880,1999-03-26,24.0132,24.6581,23.7097,23.9942,236700,3005000.00,0.01137981,0.003273,1.8967
SH600880,1999-03-29,23.9942,24.0132,23.4442,23.7097,175000,2197000.00,0.00841346,0.002420,1.8967
SH600880,1999-03-30,23.7287,23.8994,23.5200,23.7097,71400,892000.00,0.00343269,0.000987,1.8967
SH600880,1999-03-31,23.7097,24.7529,23.6907,24.4684,127700,1634000.00,0.00613942,0.001766,1.8967
SH600880,1999-04-01,24.6581,25.3789,24.3736,25.1323,503800,6619000.00,0.02422115,0.006966,1.8967
SH600880,1999-04-02,24.9995,25.5875,24.6771,24.8478,294500,3897000.00,0.01415865,0.004072,1.8967
SH600880,1999-04-05,25.2271,25.2271,24.4684,24.8098,185300,2431000.00,0.00890865,0.002562,1.8967
SH600880,1999-04-06,24.7719,24.8098,24.1839,24.6202,131000,1691000.00,0.00629808,0.001811,1.8967
SH600880,1999-04-07,24.4684,25.0375,24.1839,24.9047,194100,2535000.00,0.00933173,0.002684,1.8967
SH600880,1999-04-08,24.6771,25.3220,24.4684,25.3220,242900,3195000.00,0.01167788,0.003359,1.8967
SH600880,1999-04-09,25.7013,25.7013,23.8994,24.5633,119700,1576000.00,0.00575481,0.001655,1.8967
SH600880,1999-04-12,24.4305,24.6581,23.9373,23.9373,98700,1252000.00,0.00474519,0.001365,1.8967
SH600880,1999-04-13,24.0511,24.2787,23.8235,24.0891,91300,1156000.00,0.00438942,0.001262,1.8967
SH600880,1999-04-14,23.9942,24.2787,23.9942,24.1460,50500,642000.00,0.00242788,0.000698,1.8967
SH600880,1999-04-15,24.1839,24.4305,23.9942,24.2787,123600,1578000.00,0.00594231,0.001709,1.8967
SH600880,1999-04-16,24.1460,24.9806,24.1080,24.8478,129400,1688000.00,0.00622115,0.001789,1.8967
SH600880,1999-04-19,25.1892,25.1892,24.4495,24.7529,72700,947000.00,0.00349519,0.001005,1.8967
SH600880,1999-04-20,24.8098,25.0944,24.4684,25.0564,513800,6762000.00,0.02470192,0.007104,1.8967
SH600880,1999-04-21,25.1323,25.4168,24.5822,25.1513,727700,9583000.00,0.03498558,0.010062,1.8967
SH600880,1999-04-22,25.1323,26.0807,24.9616,25.8720,1096900,14796000.00,0.05273558,0.015167,1.8967
SH600880,1999-04-23,25.8151,26.5549,25.6065,25.9479,450300,6197000.00,0.02164904,0.006226,1.8967
SH600880,1999-04-26,25.4927,25.9669,24.5253,24.7529,300600,3950000.00,0.01445192,0.004156,1.8967
SH600880,1999-04-27,24.5633,24.8098,24.2977,24.2977,96700,1246000.00,0.00464904,0.001337,1.8967
SH600880,1999-04-28,24.2408,24.8478,24.0891,24.2787,85100,1093000.00,0.00409135,0.001177,1.8967
SH600880,1999-04-29,24.6202,24.6202,24.1270,24.4305,57800,738000.00,0.00277885,0.000799,1.8967
SH600880,1999-04-30,24.6202,24.6581,24.2408,24.5822,59500,765000.00,0.00286058,0.000823,1.8967
SH600880,1999-05-04,24.4684,24.8478,24.1649,24.3736,78900,1012000.00,0.00379327,0.001091,1.8967
SH600880,1999-05-05,24.2408,25.3220,23.9184,24.9047,217800,2822000.00,0.01047115,0.003012,1.8967
SH600880,1999-05-06,24.7529,25.3030,24.6581,25.2271,376700,4978000.00,0.01811058,0.005209,1.8967
SH600880,1999-05-07,25.1323,25.3220,24.6202,25.2271,194200,2565000.00,0.00933654,0.002685,1.8967
SH600880,1999-05-10,25.0375,26.1566,24.2029,24.9995,355500,4595000.00,0.01709135,0.004916,1.8967
SH600880,1999-05-11,25.2271,25.5496,24.2977,25.2271,226300,2986000.00,0.01087981,0.003129,1.8967
SH600880,1999-05-12,25.0564,25.5496,24.7719,25.4168,312800,4171000.00,0.01503846,0.004325,1.8967
SH600880,1999-05-13,25.1323,25.4168,24.7529,25.0375,104900,1387000.00,0.00504327,0.001450,1.8967
SH600880,1999-05-14,25.0375,25.3220,23.9184,24.8288,200800,2593000.00,0.00965385,0.002776,1.8967
SH600880,1999-05-17,24.6581,24.8478,24.3736,24.7340,73400,955000.00,0.00352885,0.001015,1.8967
SH600880,1999-05-18,24.7150,24.9426,24.1270,24.6581,80900,1042000.00,0.00388942,0.001119,1.8967
SH600880,1999-05-19,24.2787,25.4168,24.2787,25.3220,177000,2313000.00,0.00850962,0.002447,1.8967
SH600880,1999-05-20,25.2271,25.9479,25.2271,25.9479,518300,6988000.00,0.02491827,0.007167,1.8967
SH600880,1999-05-21,25.7962,26.1755,25.0754,25.6065,342800,4665000.00,0.01648077,0.004740,1.8967
SH600880,1999-05-24,25.4168,27.2757,25.4168,26.6687,920400,12774000.00,0.04425000,0.012726,1.8967
SH600880,1999-05-25,26.5739,27.4843,26.1945,26.4031,342200,4799000.00,0.01645192,0.004732,1.8967
SH600880,1999-05-26,26.3652,27.6550,25.7962,27.6550,625600,8866000.00,0.03007692,0.008650,1.8967
SH600880,1999-05-27,27.8447,28.0533,26.7066,27.6550,486500,7055000.00,0.02338942,0.006727,1.8967
SH600880,1999-05-28,27.6550,27.9775,26.9342,27.6930,581300,8478000.00,0.02794712,0.008038,1.8967
SH600880,1999-05-31,27.3515,27.9775,26.8394,27.3136,349300,5053000.00,0.01679327,0.004830,1.8967
SH600880,1999-06-01,27.1808,29.7604,26.8394,29.0207,711000,10543000.00,0.03418269,0.009831,1.8967
SH600880,1999-06-02,29.1914,29.3621,28.2241,28.6413,375200,5649000.00,0.01803846,0.005188,1.8967
SH600880,1999-06-03,28.4517,31.5055,28.4517,31.5055,1352000,22265000.00,0.06500000,0.018694,1.8967
SH600880,1999-06-04,32.2452,34.6541,32.0366,34.6541,1463800,25977000.00,0.07037500,0.020240,1.8967
SH600880,1999-06-07,33.8196,37.5562,33.2126,33.3833,1139400,21420000.00,0.05477885,0.015754,1.8967
SH600880,1999-06-08,33.4212,35.4129,33.0229,34.1420,795900,14156000.00,0.03826442,0.011005,1.8967
SH600880,1999-06-09,34.1420,35.0904,33.3833,34.5403,382000,6824000.00,0.01836538,0.005282,1.8967
SH600880,1999-06-10,34.4834,35.0904,33.2126,34.2938,565900,10138000.00,0.02720673,0.007825,1.8967
SH600880,1999-06-11,34.1420,34.5214,33.7627,34.4265,218000,3914000.00,0.01048077,0.003014,1.8967
SH600880,1999-06-14,34.1610,36.2285,34.1420,35.8491,322200,6030000.00,0.01549038,0.004455,1.8967
SH600880,1999-06-15,37.7459,39.4340,34.5214,35.0904,1146700,22525000.00,0.05512981,0.015855,1.8967
SH600880,1999-06-16,35.4698,37.5562,35.4698,36.9872,333700,6415000.00,0.01604327,0.004614,1.8967
SH600880,1999-06-17,37.5562,38.3149,35.6594,36.7975,361500,6982000.00,0.01737981,0.004998,1.8967
SH600880,1999-06-18,36.0578,36.9872,34.7300,35.0904,516200,9682000.00,0.02481731,0.007138,1.8967
SH600880,1999-06-21,35.1852,35.9629,34.5403,35.2801,440400,8179000.00,0.02117308,0.006089,1.8967
SH600880,1999-06-22,35.4698,36.6078,35.4698,36.6078,738900,14146000.00,0.03552404,0.010217,1.8967
SH600880,1999-06-23,37.7459,40.2686,36.5130,40.2686,1290700,26916000.00,0.06205288,0.017847,1.8967
SH600880,1999-06-24,42.2033,44.2898,40.9704,44.2898,1047800,24069000.00,0.05037500,0.014488,1.8967
SH600880,1999-06-25,46.4711,47.4195,40.1169,40.2117,1205400,28863000.00,0.05795192,0.016667,1.8967
SH600880,1999-06-29,44.2329,44.2329,44.1949,44.2329,30300,707000.00,0.00145673,0.000419,1.8967
SH600880,1999-06-30,48.6524,48.6524,46.4711,48.6524,1273100,32499000.00,0.06120673,0.017603,1.8967
SH600880,1999-07-01,49.0886,50.2646,43.7966,46.6608,999400,24996000.00,0.04804808,0.013819,1.8967
SH600880,1999-07-02,47.4195,50.2457,46.8694,47.4195,695100,17710000.00,0.03341827,0.009611,1.8967
SH600880,1999-07-05,47.3246,48.4627,46.2814,47.4195,446700,11151000.00,0.02147596,0.006177,1.8967
SH600880,1999-07-06,46.8504,47.7988,43.7208,43.7397,432800,10522000.00,0.02080769,0.005984,1.8967
SH600880,1999-07-07,44.0053,46.2814,42.6775,46.0538,859300,20496000.00,0.04131250,0.011882,1.8967
SH600880,1999-07-08,45.8262,47.5712,44.5743,47.1919,471300,11584000.00,0.02265865,0.006517,1.8967
SH600880,1999-07-09,47.2298,51.4217,45.7124,49.9801,1094000,27884000.00,0.05259615,0.015127,1.8967
SH600880,1999-07-12,50.0750,51.1941,48.5575,50.9854,801400,21317000.00,0.03852885,0.011081,1.8967
SH600880,1999-07-13,50.6061,50.8337,48.0833,49.3163,252500,6504000.00,0.01213942,0.003491,1.8967
SH600880,1999-07-14,49.0886,50.2646,48.1403,49.1266,278500,7188000.00,0.01338942,0.003851,1.8967
SH600880,1999-07-15,49.1266,49.3163,47.8937,49.1266,291900,7520000.00,0.01403365,0.004036,1.8967
SH600880,1999-07-16,48.9369,49.2214,47.0401,48.8421,244600,6189000.00,0.01175962,0.003382,1.8967
SH600880,1999-07-19,48.4817,50.6440,47.6092,48.9559,148800,3848000.00,0.00715385,0.002057,1.8967
SH600880,1999-07-20,48.8421,51.2130,47.4195,51.2130,405200,10468000.00,0.01948077,0.005603,1.8967
SH600880,1999-07-21,50.8337,52.1614,48.9369,50.8337,566100,15077000.00,0.02721635,0.007827,1.8967
SH600880,1999-07-22,51.2130,52.3511,48.9369,49.8853,269400,7235000.00,0.01295192,0.003725,1.8967
SH600880,1999-07-23,49.6956,51.2130,48.3679,48.9369,333300,8739000.00,0.01602404,0.004609,1.8967
SH600880,1999-07-26,49.3163,49.8853,47.8937,48.8421,237000,6062000.00,0.01139423,0.003277,1.8967
SH600880,1999-07-27,48.7472,51.1751,48.3679,50.8337,376200,9882000.00,0.01808654,0.005202,1.8967
SH600880,1999-07-28,50.6440,51.9338,49.5059,51.2130,499600,13322000.00,0.02401923,0.006908,1.8967
SH600880,1999-07-29,51.2130,53.1098,48.7662,49.5059,376300,10016000.00,0.01809135,0.005203,1.8967
SH600880,1999-07-30,49.8853,51.2130,47.9885,49.1266,420900,10959000.00,0.02023558,0.005820,1.8967
SH600880,1999-08-02,47.6092,50.2646,47.4195,49.2783,576500,14757000.00,0.02771635,0.007971,1.8967
SH600880,1999-08-03,49.1266,50.2646,48.3679,49.3163,315900,8219000.00,0.01518750,0.004368,1.8967
SH600880,1999-08-04,49.5059,51.1751,48.7472,51.1751,732200,19355000.00,0.03520192,0.010124,1.8967
SH600880,1999-08-05,51.0234,55.9550,51.0234,54.8928,1316100,37682000.00,0.06327404,0.018198,1.8967
SH600880,1999-08-06,55.1014,56.9034,52.7494,54.1530,635900,18238000.00,0.03057212,0.008793,1.8967
SH600880,1999-08-09,54.0582,54.9118,53.1098,54.9118,497900,14232000.00,0.02393750,0.006884,1.8967
SH600880,1999-08-10,55.1963,55.1963,51.2320,53.1098,354200,9819000.00,0.01702885,0.004898,1.8967
SH600880,1999-08-11,52.7305,53.1098,50.2646,50.7009,284200,7692000.00,0.01366346,0.003930,1.8967
SH600880,1999-08-12,50.8337,51.8200,48.9369,50.4543,305400,7970000.00,0.01468269,0.004223,1.8967
SH600880,1999-08-13,50.2646,51.2130,48.9369,50.0750,243900,6355000.00,0.01172596,0.003372,1.8967
SH600880,1999-08-16,50.2646,50.8337,48.9369,50.6440,128300,3355000.00,0.00616827,0.001774,1.8967
SH600880,1999-08-17,50.3026,50.8337,49.0317,49.8853,154600,4056000.00,0.00743269,0.002138,1.8967
SH600880,1999-08-18,49.8853,50.7388,47.4195,48.0833,147900,3790000.00,0.00711058,0.002045,1.8967
SH600880,1999-08-19,48.1403,50.6440,48.0833,50.2646,309800,8084000.00,0.01489423,0.004284,1.8967
SH600880,1999-08-20,49.6956,50.2646,48.7472,49.3163,213200,5563000.00,0.01025000,0.002948,1.8967
SH600880,1999-08-23,49.1266,49.8853,48.9369,49.1266,145000,3768000.00,0.00697115,0.002005,1.8967
SH600880,1999-08-24,49.1266,49.8853,48.1782,48.5575,104900,2709000.00,0.00504327,0.001450,1.8967
SH600880,1999-08-25,48.5575,48.7472,47.5333,48.1782,110400,2787000.00,0.00530769,0.001527,1.8967
SH600880,1999-08-26,47.7988,48.5575,47.6092,47.8747,112000,2829000.00,0.00538462,0.001549,1.8967
SH600880,1999-08-27,47.9885,48.7472,47.7988,48.7472,265600,6736000.00,0.01276923,0.003672,1.8967
SH600880,1999-08-30,48.3679,49.3163,47.7988,48.9369,268800,6857000.00,0.01292308,0.003717,1.8967
SH600880,1999-09-01,48.5575,48.9369,47.6092,48.1782,190500,4869000.00,0.00915865,0.002634,1.8967
SH600880,1999-09-02,47.9885,48.7093,47.2298,48.5575,238500,6029000.00,0.01146635,0.003298,1.8967
SH600880,1999-09-03,49.1266,50.0750,48.3679,49.3163,246200,6407000.00,0.01183654,0.003404,1.8967
SH600880,1999-09-06,48.9369,50.0560,48.6524,49.6956,263000,6833000.00,0.01264423,0.003637,1.8967
SH600880,1999-09-07,49.2214,50.0750,48.8990,49.7905,236800,6184000.00,0.01138462,0.003274,1.8967
SH600880,1999-09-08,49.3163,50.6440,49.1266,50.0750,340700,8913000.00,0.01637981,0.004711,1.8967
SH600880,1999-09-09,49.8474,54.1151,49.8474,54.1151,927700,14287000.00,0.02477831,0.007126,3.4142
SH600880,1999-09-10,53.9444,58.1439,53.5006,56.5051,1567000,25884000.00,0.04185363,0.012037,3.4142
SH600880,1999-09-13,56.6758,56.8465,53.9444,55.5491,749000,12117000.00,0.02000534,0.005754,3.4142
SH600880,1999-09-14,55.5491,56.5051,54.4565,56.2661,556000,9063000.00,0.01485043,0.004271,3.4142
SH600880,1999-09-15,56.1636,60.0558,56.0954,58.3829,1336600,22892000.00,0.03569979,0.010267,3.4142
SH600880,1999-09-16,58.3829,58.8267,57.0513,57.6659,673300,11415000.00,0.01798344,0.005172,3.4142
SH600880,1999-09-17,57.6317,58.2122,56.3343,56.6758,652900,10891000.00,0.01743857,0.005015,3.4142
SH600880,1999-09-20,56.4026,56.5051,53.2616,54.0468,467200,7482000.00,0.01247863,0.003589,3.4142
SH600880,1999-09-21,53.6030,55.2418,53.3298,55.2418,404800,6421000.00,0.01081197,0.003110,3.4142
SH600880,1999-09-22,54.7980,59.6803,54.7980,57.2562,1396300,23664000.00,0.03729434,0.010726,3.4142
SH600880,1999-09-23,57.2562,57.2562,52.9201,54.5248,858100,13756000.00,0.02291934,0.006592,3.4142
SH600880,1999-09-24,53.9444,56.0271,53.7737,54.6955,541800,8726000.00,0.01447115,0.004162,3.4142
SH600880,1999-09-27,54.6272,54.8321,52.9201,53.6713,436200,6835000.00,0.01165064,0.003351,3.4142
SH600880,1999-09-28,53.6030,55.3101,53.0909,53.9444,474700,7522000.00,0.01267895,0.003646,3.4142
SH600880,1999-09-29,53.7737,55.4808,53.7737,55.1394,394100,6297000.00,0.01052618,0.003027,3.4142
SH600880,1999-09-30,54.4565,57.9732,54.2858,57.9732,411700,6667000.00,0.01099626,0.003163,3.4142
SH600880,1999-10-08,55.3101,56.2319,54.6272,55.2418,158100,2563000.00,0.00422276,0.001214,3.4142
SH600880,1999-10-11,54.7980,55.6515,53.2616,54.2175,171800,2747000.00,0.00458868,0.001320,3.4142
SH600880,1999-10-12,54.2858,55.9929,53.9444,54.2858,267900,4306000.00,0.00715545,0.002058,3.4142
SH600880,1999-10-13,54.1151,54.9687,53.0567,53.2616,161300,2554000.00,0.00430823,0.001239,3.4142
SH600880,1999-10-14,53.2616,54.9687,53.1933,53.5347,283000,4477000.00,0.00755876,0.002174,3.4142
SH600880,1999-10-15,53.4323,54.9687,53.4323,54.5590,414000,6582000.00,0.01105769,0.003180,3.4142
SH600880,1999-10-18,54.4565,54.6272,51.8959,52.5104,224100,3491000.00,0.00598558,0.001721,3.4142
SH600880,1999-10-19,52.0666,52.5787,50.0181,50.4619,210000,3134000.00,0.00560897,0.001613,3.4142
SH600880,1999-10-20,50.0181,50.7009,48.6524,50.4619,273200,3985000.00,0.00729701,0.002099,3.4142
SH600880,1999-10-21,50.1888,50.3595,48.4817,48.8231,171000,2460000.00,0.00456731,0.001314,3.4142
SH600880,1999-10-22,48.8231,52.2032,48.8231,51.3496,538200,7990000.00,0.01437500,0.004134,3.4142
SH600880,1999-10-25,51.0423,51.1448,47.7988,49.4035,250900,3618000.00,0.00670139,0.001927,3.4142
SH600880,1999-10-26,49.1645,50.0522,48.9597,49.4718,199500,2900000.00,0.00532853,0.001532,3.4142
SH600880,1999-10-27,49.5401,52.0324,49.5401,51.2130,569400,8536000.00,0.01520833,0.004374,3.4142
SH600880,1999-10-28,51.2130,51.3496,49.5059,49.7791,190200,2799000.00,0.00508013,0.001461,3.4142
SH600880,1999-10-29,49.7791,50.2571,48.9938,49.7791,151800,2204000.00,0.00405449,0.001166,3.4142
SH600880,1999-11-01,49.1645,50.1888,48.4817,49.3694,138800,1995000.00,0.00370726,0.001066,3.4142
SH600880,1999-11-02,49.1645,50.1205,49.0279,49.5742,211400,3068000.00,0.00564637,0.001624,3.4142
SH600880,1999-11-03,49.5059,50.1888,48.5158,48.6524,145700,2090000.00,0.00389156,0.001119,3.4142
SH600880,1999-11-04,48.4817,48.9938,47.7988,48.8231,211900,3003000.00,0.00565972,0.001628,3.4142
SH600880,1999-11-05,48.4817,49.5742,48.4817,49.0962,128100,1831000.00,0.00342147,0.000984,3.4142
SH600880,1999-11-08,48.8231,49.7791,48.1403,49.5059,236100,3390000.00,0.00630609,0.001814,3.4142
SH600880,1999-11-09,49.0962,49.8474,48.4817,49.5059,176500,2544000.00,0.00471421,0.001356,3.4142
SH600880,1999-11-10,49.1645,49.8474,48.3110,49.6766,150000,2157000.00,0.00400641,0.001152,3.4142
SH600880,1999-11-11,49.1645,49.7791,48.4134,49.2328,124400,1792000.00,0.00332265,0.000956,3.4142
SH600880,1999-11-12,48.8231,49.3352,48.4817,48.9938,89700,1286000.00,0.00239583,0.000689,3.4142
SH600880,1999-11-15,48.8914,49.0962,48.1403,48.6524,121000,1721000.00,0.00323184,0.000929,3.4142
SH600880,1999-11-16,48.3110,49.5059,48.2427,48.4817,244500,3507000.00,0.00653045,0.001878,3.4142
SH600880,1999-11-17,48.2768,48.8914,48.2768,48.8914,169600,2418000.00,0.00452991,0.001303,3.4142
SH600880,1999-11-18,48.9938,52.8860,48.7890,51.9300,1604500,23957000.00,0.04285524,0.012325,3.4142
SH600880,1999-11-19,51.8959,52.4080,51.6227,52.1007,642900,9785000.00,0.01717147,0.004939,3.4142
SH600880,1999-11-22,52.0324,53.0567,51.7252,52.1349,561200,8619000.00,0.01498932,0.004311,3.4142
SH600880,1999-11-23,51.9642,52.6470,51.2130,51.8617,216800,3297000.00,0.00579060,0.001665,3.4142
SH600880,1999-11-24,51.7252,52.3739,50.1888,50.1888,253200,3792000.00,0.00676282,0.001945,3.4142
SH600880,1999-11-25,49.5059,50.1888,49.5059,49.9498,165500,2409000.00,0.00442041,0.001271,3.4142
SH600880,1999-11-26,49.6766,50.1205,49.5059,49.8132,104400,1521000.00,0.00278846,0.000802,3.4142
SH600880,1999-11-29,49.7791,50.0864,48.4817,49.6766,120600,1737000.00,0.00322115,0.000926,3.4142
SH600880,1999-11-30,49.5059,49.5059,48.4817,48.7548,87500,1249000.00,0.00233707,0.000672,3.4142
SH600880,1999-12-01,48.6524,49.0279,48.2085,49.0279,142500,2024000.00,0.00380609,0.001095,3.4142
SH600880,1999-12-02,48.8914,49.1645,48.2085,48.6865,86700,1235000.00,0.00231571,0.000666,3.4142
SH600880,1999-12-03,48.6524,49.3694,48.4817,49.3694,81300,1163000.00,0.00217147,0.000625,3.4142
SH600880,1999-12-06,49.3694,49.3694,48.2768,48.3451,196100,2783000.00,0.00523771,0.001506,3.4142
SH600880,1999-12-07,48.3451,53.1933,48.3451,53.1933,2193700,33607000.00,0.05859241,0.016851,3.4142
SH600880,1999-12-08,53.5347,57.1538,53.1933,53.2616,3288200,52978000.00,0.08782585,0.025259,3.4142
SH600880,1999-12-09,52.9201,53.6030,50.0181,53.5347,1805100,27351000.00,0.04821314,0.013866,3.4142
SH600880,1999-12-10,53.1933,54.2858,51.5545,52.9201,933500,14546000.00,0.02493323,0.007171,3.4142
SH600880,1999-12-13,52.6470,52.6470,50.5302,51.6227,546800,8271000.00,0.01460470,0.004200,3.4142
SH600880,1999-12-14,51.4862,51.8959,50.6326,51.2472,383800,5740000.00,0.01025107,0.002948,3.4142
SH600880,1999-12-15,51.0423,52.9201,50.3595,52.2373,726900,11073000.00,0.01941506,0.005584,3.4142
SH600880,1999-12-16,52.1349,55.2077,52.0666,54.4565,1170700,18580000.00,0.03126870,0.008993,3.4142
SH600880,1999-12-17,54.2858,54.8321,52.2373,52.8177,519900,8155000.00,0.01388622,0.003994,3.4142
SH600880,1999-12-21,52.6470,53.6030,52.2373,52.6470,374500,5784000.00,0.01000267,0.002877,3.4142
SH600880,1999-12-22,52.5104,52.6811,51.2130,52.0324,248100,3787000.00,0.00662660,0.001906,3.4142
SH600880,1999-12-23,52.1007,52.2373,49.8474,50.4961,356100,5322000.00,0.00951122,0.002735,3.4142
SH600880,1999-12-24,50.3595,51.5545,50.3253,50.6326,296300,4421000.00,0.00791400,0.002276,3.4142
SH600880,1999-12-27,50.5302,51.3496,49.8474,50.8375,441600,6577000.00,0.01179487,0.003392,3.4142
SH600880,1999-12-28,50.1888,50.8375,48.3110,48.8231,329300,4791000.00,0.00879541,0.002530,3.4142
SH600880,1999-12-29,48.8231,49.7791,48.8231,49.3694,168700,2440000.00,0.00450588,0.001296,3.4142
SH600880,1999-12-30,50.9058,51.2130,49.5059,50.8033,205300,3039000.00,0.00548344,0.001577,3.4142
SH600880,2000-01-04,50.7009,52.8860,49.6766,52.8519,562500,8553000.00,0.01502404,0.004321,3.4142
SH600880,2000-01-05,52.7494,54.3200,51.5545,53.0909,874900,13662000.00,0.02336806,0.006721,3.4142
SH600880,2000-01-06,52.9201,54.2858,52.2373,53.7737,697600,10888000.00,0.01863248,0.005359,3.4142
SH600880,2000-01-07,53.7737,56.3343,53.7737,55.5832,1760500,28510000.00,0.04702190,0.013524,3.4142
SH600880,2000-01-10,55.6174,59.4071,54.9687,58.0415,2299900,38668000.00,0.06142895,0.017667,3.4142
SH600880,2000-01-11,58.3146,63.8456,58.2122,58.9291,4479000,79487000.00,0.11963141,0.034406,3.4142
SH600880,2000-01-12,58.6902,58.7243,54.6614,54.7297,1766100,29286000.00,0.04717147,0.013567,3.4142
SH600880,2000-01-13,54.6272,56.3685,53.4323,55.1052,1046100,16835000.00,0.02794071,0.008036,3.4142
SH600880,2000-01-14,54.9687,56.7782,54.9687,55.9588,719200,11818000.00,0.01920940,0.005525,3.4142
SH600880,2000-01-17,55.7198,57.0855,55.7198,56.9830,544300,9004000.00,0.01453793,0.004181,3.4142
SH600880,2000-01-18,56.8465,57.2562,55.6515,56.6758,552600,9160000.00,0.01475962,0.004245,3.4142
SH600880,2000-01-19,56.3343,57.4610,55.6515,56.3002,446500,7421000.00,0.01192575,0.003430,3.4142
SH600880,2000-01-20,55.9929,57.0513,54.7980,57.0513,669500,10957000.00,0.01788194,0.005143,3.4142
SH600880,2000-01-21,56.9489,62.4799,56.8806,61.1142,2572600,45542000.00,0.06871261,0.019762,3.4142
SH600880,2000-01-24,61.1142,65.1430,59.7486,65.0406,2965900,54347000.00,0.07921741,0.022783,3.4142
SH600880,2000-01-25,64.8699,65.6551,63.2310,63.7432,1818000,34291000.00,0.04855769,0.013965,3.4142
SH600880,2000-01-26,63.5042,67.5671,63.1628,67.2598,1988700,38590000.00,0.05311699,0.015277,3.4142
SH600880,2000-01-27,67.2257,69.1035,65.5527,66.1673,2212500,43824000.00,0.05909455,0.016996,3.4142
SH600880,2000-01-28,66.0648,68.8645,64.5284,66.2355,1972600,38696000.00,0.05268697,0.015153,3.4142
SH600880,2000-02-14,66.8501,72.8591,65.5868,72.8591,2106500,43071000.00,0.05626335,0.016181,3.4142
SH600880,2000-02-15,73.1664,78.4925,69.9912,70.6740,3197300,69356000.00,0.08539797,0.024561,3.4142
SH600880,2000-02-16,69.9912,70.3326,65.8941,67.1915,2870300,56815000.00,0.07666400,0.022049,3.4142
SH600880,2000-02-17,67.4305,71.3910,61.7971,61.7971,2879000,55771000.00,0.07689637,0.022116,3.4142
SH600880,2000-02-18,61.4557,67.4647,61.0801,66.9184,1336700,24955000.00,0.03570246,0.010268,3.4142
SH600880,2000-02-21,67.0891,70.6740,63.8456,65.5527,1945200,37837000.00,0.05195513,0.014942,3.4142
SH600880,2000-02-22,65.8941,65.8941,61.4557,62.3092,1190300,21970000.00,0.03179220,0.009143,3.4142
SH600880,2000-02-23,62.4799,62.9579,60.8070,62.0702,920700,16639000.00,0.02459135,0.007073,3.4142
SH600880,2000-02-24,62.3092,65.2113,62.3092,65.0064,716700,13387000.00,0.01914263,0.005505,3.4142
SH600880,2000-02-25,65.0064,65.3820,62.9921,63.6066,632600,11913000.00,0.01689637,0.004859,3.4142
SH600880,2000-02-28,63.6066,66.9184,63.2652,66.5770,604600,11553000.00,0.01614850,0.004644,3.4142
SH600880,2000-02-29,64.9040,68.3182,64.9040,65.5527,794700,15374000.00,0.02122596,0.006105,3.4142
SH600880,2000-03-01,66.5770,66.9184,63.8797,64.4602,683300,12967000.00,0.01825053,0.005249,3.4142
SH600880,2000-03-02,63.3335,65.2113,63.3335,64.5284,429900,8125000.00,0.01148237,0.003302,3.4142
SH600880,2000-03-03,65.5527,69.9912,65.5527,69.6839,1741000,35103000.00,0.04650107,0.013374,3.4142
SH600880,2000-03-06,70.0595,71.6983,66.7477,67.0208,1572300,31585000.00,0.04199519,0.012078,3.4142
SH600880,2000-03-07,66.6453,71.0154,65.8941,69.9912,1141000,22945000.00,0.03047543,0.008765,3.4142
SH600880,2000-03-08,71.6983,72.8932,70.3326,71.9373,946300,19856000.00,0.02527511,0.007269,3.4142
SH600880,2000-03-09,71.9373,79.1071,71.0154,77.3317,1711500,38275000.00,0.04571314,0.013147,3.4142
SH600880,2000-03-10,77.3317,78.8681,73.7468,75.1125,1610100,35997000.00,0.04300481,0.012368,3.4142
SH600880,2000-03-13,74.7711,79.2095,74.4638,76.0002,1667100,37567000.00,0.04452724,0.012806,3.4142
SH600880,2000-03-14,75.7953,75.7953,68.5572,72.8932,1286600,26804000.00,0.03436432,0.009883,3.4142
SH600880,2000-03-15,72.5518,75.4539,72.5518,72.7225,1883200,40750000.00,0.05029915,0.014466,3.4142
SH600880,2000-03-16,72.5518,72.5518,69.2400,71.3569,1014900,21164000.00,0.02710737,0.007796,3.4142
SH600880,2000-03-17,71.0154,74.7028,70.8447,74.0882,1410300,30383000.00,0.03766827,0.010833,3.4142
SH600880,2000-03-20,73.4054,81.4970,73.4054,80.2338,2524700,59008000.00,0.06743323,0.019394,3.4142
SH600880,2000-03-21,80.2338,80.2338,78.0146,79.5168,849500,19627000.00,0.02268964,0.006526,3.4142
SH600880,2000-03-22,79.3802,82.4530,78.1853,79.8924,1136800,26749000.00,0.03036325,0.008733,3.4142
SH600880,2000-03-23,79.5509,81.1215,76.8196,78.6291,1041000,24173000.00,0.02780449,0.007997,3.4142
SH600880,2000-03-24,78.7998,80.4386,75.4539,76.2050,936700,21425000.00,0.02501870,0.007195,3.4142
SH600880,2000-03-27,75.7953,77.7414,75.1125,76.4099,915200,20571000.00,0.02444444,0.007030,3.4142
SH600880,2000-03-28,76.4782,77.5366,73.4054,74.0882,1149200,25508000.00,0.03069444,0.008828,3.4142
SH600880,2000-03-29,74.4296,75.8295,74.0882,75.8295,427600,9367000.00,0.01142094,0.003285,3.4142
SH600880,2000-03-30,75.9319,78.7315,75.9319,78.4925,1083000,24715000.00,0.02892628,0.008319,3.4142
SH600880,2000-03-31,78.5950,82.2823,78.5950,79.8924,2137800,50500000.00,0.05709936,0.016422,3.4142
SH600880,2000-04-03,80.5752,80.5752,76.8196,79.0388,970900,22535000.00,0.02593216,0.007458,3.4142
SH600880,2000-04-04,78.5267,78.5267,74.8052,75.9660,783300,17461000.00,0.02092147,0.006017,3.4142
SH600880,2000-04-05,75.1125,77.4000,74.7711,75.9660,652700,14545000.00,0.01743323,0.005014,3.4142
SH600880,2000-04-06,75.9319,76.6489,75.4539,76.6489,628100,14019000.00,0.01677618,0.004825,3.4142
SH600880,2000-04-07,76.7513,78.6974,76.5464,78.0146,804100,18249000.00,0.02147703,0.006177,3.4142
SH600880,2000-04-10,77.8438,78.8681,76.8879,77.8438,636900,14588000.00,0.01701122,0.004892,3.4142
SH600880,2000-04-11,77.4341,77.5024,74.4296,74.9759,607900,13399000.00,0.01623665,0.004670,3.4142
SH600880,2000-04-12,74.9759,75.1125,72.7908,74.1906,821000,17741000.00,0.02192842,0.006307,3.4142
SH600880,2000-04-13,74.2589,75.4539,73.4737,74.7028,623200,13569000.00,0.01664530,0.004787,3.4142
SH600880,2000-04-14,74.4296,74.4296,71.6983,72.4494,574900,12232000.00,0.01535524,0.004416,3.4142
SH600880,2000-04-17,72.2104,72.3811,69.0011,72.0056,689200,14241000.00,0.01840812,0.005294,3.4142
SH600880,2000-04-18,72.0397,73.0640,70.5374,71.9714,365600,7659000.00,0.00976496,0.002808,3.4142
SH600880,2000-04-19,72.0397,74.0882,72.0397,73.0640,439500,9418000.00,0.01173878,0.003376,3.4142
SH600880,2000-04-20,73.0640,74.6004,72.7225,74.0199,447300,9663000.00,0.01194712,0.003436,3.4142
SH600880,2000-04-21,74.2589,75.6588,73.4054,74.1224,684500,14949000.00,0.01828259,0.005258,3.4142
SH600880,2000-04-24,74.0882,74.6004,72.4153,74.0541,289800,6256000.00,0.00774038,0.002226,3.4142
SH600880,2000-04-25,74.0882,75.0442,73.5761,74.1565,341000,7427000.00,0.00910791,0.002619,3.4142
SH600880,2000-04-26,74.2589,75.1125,73.6102,74.1565,366900,7996000.00,0.00979968,0.002818,3.4142
SH600880,2000-04-27,74.0882,74.2589,69.6498,71.6983,430000,9151000.00,0.01148504,0.003303,3.4142
SH600880,2000-04-28,71.3569,71.6983,67.9426,70.4009,953200,19638000.00,0.02545940,0.007322,3.4142
SH600880,2000-05-08,70.3326,70.3326,67.9768,68.5572,464000,9323000.00,0.01239316,0.003564,3.4142
SH600880,2000-05-09,68.7962,69.5815,68.2841,68.5572,178500,3592000.00,0.00476763,0.001371,3.4142
SH600880,2000-05-10,68.7962,68.9669,67.0891,68.1134,237800,4719000.00,0.00635150,0.001827,3.4142
SH600880,2000-05-11,68.1816,68.6255,67.4305,67.9426,141000,2806000.00,0.00376603,0.001083,3.4142
SH600880,2000-05-12,67.9426,69.5815,64.8699,64.8699,272900,5348000.00,0.00728900,0.002096,3.4142
SH600880,2000-05-15,66.4063,66.4063,64.8699,65.6893,177600,3398000.00,0.00474359,0.001364,3.4142
SH600880,2000-05-16,65.8941,66.1331,64.8699,65.2113,150400,2871000.00,0.00401709,0.001155,3.4142
SH600880,2000-05-17,65.8941,66.5770,64.5967,65.4161,114400,2180000.00,0.00305556,0.000879,3.4142
SH600880,2000-05-18,66.2355,67.0891,65.5527,67.0891,198600,3860000.00,0.00530449,0.001526,3.4142
SH600880,2000-05-19,67.2598,68.6255,64.8699,68.4548,249300,4979000.00,0.00665865,0.001915,3.4142
SH600880,2000-05-22,67.9085,69.9912,67.9085,69.1376,267900,5401000.00,0.00715545,0.002058,3.4142
SH600880,2000-05-23,68.9669,69.9912,68.2841,69.2400,207600,4207000.00,0.00554487,0.001595,3.4142
SH600880,2000-05-24,69.1376,69.6498,68.6938,69.4790,231300,4675000.00,0.00617788,0.001777,3.4142
SH600880,2000-05-25,69.3083,69.6498,67.2940,67.8744,286500,5740000.00,0.00765224,0.002201,3.4142
SH600880,2000-05-26,68.1475,68.9669,67.8744,68.4548,201600,4028000.00,0.00538462,0.001549,3.4142
SH600880,2000-05-29,68.2841,68.5572,66.7477,68.0792,343200,6785000.00,0.00916667,0.002636,3.4142
SH600880,2000-05-30,68.2158,68.6596,66.5087,67.7719,650200,12875000.00,0.01736645,0.004995,3.4142
SH600880,2000-05-31,67.6012,67.6012,64.7674,65.1430,635600,12249000.00,0.01697650,0.004882,3.4142
SH600880,2000-06-01,64.9040,65.1089,62.6506,63.2993,784800,14552000.00,0.02096154,0.006029,3.4142
SH600880,2000-06-02,63.3335,66.1673,62.4799,64.3577,436900,8152000.00,0.01166934,0.003356,3.4142
SH600880,2000-06-05,64.3577,64.3577,62.6506,63.8456,226800,4220000.00,0.00605769,0.001742,3.4142
SH600880,2000-06-06,63.8456,65.8941,63.5042,64.5284,467100,8800000.00,0.01247596,0.003588,3.4142
SH600880,2000-06-07,65.2113,65.5527,64.3577,64.8357,147500,2798000.00,0.00393964,0.001133,3.4142
SH600880,2000-06-08,64.5284,65.8941,64.3577,64.5284,1129700,21431000.00,0.03017361,0.008678,3.4142
SH600880,2000-06-09,64.5284,66.9184,64.3577,65.7234,471000,8987000.00,0.01258013,0.003618,3.4142
SH600880,2000-06-12,65.7234,65.8941,64.5284,65.6893,397900,7592000.00,0.01062767,0.003057,3.4142
SH600880,2000-06-13,65.8258,66.5770,64.2212,64.5967,136100,2583000.00,0.00363515,0.001045,3.4142
SH600880,2000-06-14,64.4602,65.0747,64.1870,64.2212,259100,4898000.00,0.00692041,0.001990,3.4142
SH600880,2000-06-15,64.5284,64.8699,64.1187,64.2894,216800,4085000.00,0.00579060,0.001665,3.4142
SH600880,2000-06-16,64.5284,64.7333,62.5482,62.9238,1398100,25879000.00,0.03734241,0.010740,3.4142
SH600880,2000-06-19,63.3335,66.5770,61.4898,66.1673,1619700,29704000.00,0.04326122,0.012442,3.4142
SH600880,2000-06-21,67.0208,67.0208,64.5284,64.8699,299900,5731000.00,0.00801015,0.002304,3.4142
SH600880,2000-06-22,65.5527,65.8941,64.1870,64.4943,332800,6344000.00,0.00888889,0.002556,3.4142
SH600880,2000-06-23,65.3479,65.3820,64.1870,64.2212,484200,9180000.00,0.01293269,0.003719,3.4142
SH600880,2000-06-26,65.0747,66.4063,64.8699,64.9040,285200,5474000.00,0.00761752,0.002191,3.4142
SH600880,2000-06-27,65.0406,66.2355,62.3775,64.2894,1351200,25199000.00,0.03608974,0.010379,3.4142
SH600880,2000-06-28,64.1870,65.0406,64.1870,64.9040,349500,6593000.00,0.00933494,0.002685,3.4142
SH600880,2000-06-29,66.0648,66.0648,64.7333,65.4503,138800,2638000.00,0.00370726,0.001066,3.4142
SH600880,2000-06-30,65.4503,66.0307,64.8699,64.8699,209200,4014000.00,0.00558761,0.001607,3.4142
SH600880,2000-07-03,64.8699,65.2454,63.2310,63.5042,591500,11188000.00,0.01579861,0.004544,3.4142
SH600880,2000-07-04,63.1969,68.2499,58.3487,66.9184,7592400,133631000.00,0.20278846,0.058322,3.4142
SH600880,2000-07-05,66.5087,67.2598,64.2212,65.0406,1225700,23441000.00,0.03273771,0.009415,3.4142
SH600880,2000-07-06,64.9723,67.2598,64.8699,65.1430,756300,14586000.00,0.02020032,0.005810,3.4142
SH600880,2000-07-07,65.2113,66.5428,59.3047,65.8941,759800,14140000.00,0.02029380,0.005837,3.4142
SH600880,2000-07-10,65.8600,66.7477,65.5527,66.6453,277600,5369000.00,0.00741453,0.002132,3.4142
SH600880,2000-07-11,66.9184,68.6255,66.2697,67.2940,1250700,24714000.00,0.03340545,0.009607,3.4142
SH600880,2000-07-12,67.6012,71.6983,67.2940,67.2940,1973700,40565000.00,0.05271635,0.015161,3.4142
SH600880,2000-07-13,69.9912,74.0199,69.9912,73.8834,2447000,52054000.00,0.06535791,0.018797,3.4142
SH600880,2000-07-14,74.6004,74.9418,71.7324,72.4835,1057100,22525000.00,0.02823451,0.008120,3.4142
SH600880,2000-07-17,72.4835,73.0640,70.9813,71.1861,564300,11849000.00,0.01507212,0.004335,3.4142
SH600880,2000-07-18,71.1861,73.0640,71.1179,73.0640,466500,9884000.00,0.01245994,0.003584,3.4142
SH600880,2000-07-19,73.0640,74.2589,72.4494,72.4494,470500,10072000.00,0.01256677,0.003614,3.4142
SH600880,2000-07-20,72.3811,72.4835,71.0154,71.1520,301600,6334000.00,0.00805556,0.002317,3.4142
SH600880,2000-07-21,71.1520,72.9957,71.1520,71.8690,225300,4756000.00,0.00601763,0.001731,3.4142
SH600880,2000-07-24,72.0397,72.2104,70.5033,70.5033,396700,8250000.00,0.01059562,0.003047,3.4142
SH600880,2000-07-25,69.9912,71.0154,69.9912,70.1960,244300,5035000.00,0.00652511,0.001877,3.4142
SH600880,2000-07-26,70.8447,71.4251,70.1619,70.7423,189400,3928000.00,0.00505876,0.001455,3.4142
SH600880,2000-07-27,70.7423,73.3030,70.7082,71.6641,279200,5882000.00,0.00745726,0.002145,3.4142
SH600880,2000-07-28,71.6641,72.9615,71.2203,72.2445,230100,4845000.00,0.00614583,0.001768,3.4142
SH600880,2000-07-31,72.2445,74.3614,72.2445,74.0199,472100,10166000.00,0.01260951,0.003627,3.4142
SH600880,2000-08-01,74.2589,77.4341,74.2589,77.3317,941900,21036000.00,0.02515759,0.007235,3.4142
SH600880,2000-08-02,76.9903,77.5024,75.6246,76.9562,844600,18963000.00,0.02255876,0.006488,3.4142
SH600880,2000-08-03,76.8196,78.0146,75.1125,76.9903,703500,15842000.00,0.01879006,0.005404,3.4142
SH600880,2000-08-04,77.1951,78.1853,76.0685,78.0146,499100,11339000.00,0.01333066,0.003834,3.4142
SH600880,2000-08-07,77.5366,77.5366,74.2589,74.9759,470300,10356000.00,0.01256143,0.003613,3.4142
SH600880,2000-08-08,74.4296,76.1367,73.4054,75.1125,287900,6278000.00,0.00768964,0.002212,3.4142
SH600880,2000-08-09,75.4539,75.4539,73.7809,74.0882,195700,4256000.00,0.00522703,0.001503,3.4142
SH600880,2000-08-10,73.8492,74.0882,73.6785,74.0541,292300,6321000.00,0.00780716,0.002245,3.4142
SH600880,2000-08-11,74.2589,75.7953,74.2589,75.3856,330500,7294000.00,0.00882746,0.002539,3.4142
SH600880,2000-08-14,75.3856,76.8196,75.3856,76.3075,192100,4264000.00,0.00513088,0.001476,3.4142
SH600880,2000-08-15,75.7953,76.1367,74.7711,74.7711,304300,6695000.00,0.00812767,0.002338,3.4142
SH600880,2000-08-16,74.9418,75.7953,74.9418,75.6246,214800,4734000.00,0.00573718,0.001650,3.4142
SH600880,2000-08-17,75.4539,76.4782,75.4539,75.8636,177100,3932000.00,0.00473024,0.001360,3.4142
SH600880,2000-08-18,75.4539,75.6246,75.1125,75.1125,160400,3539000.00,0.00428419,0.001232,3.4142
SH600880,2000-08-21,75.1125,75.4539,73.7468,74.0882,238100,5172000.00,0.00635951,0.001829,3.4142
SH600880,2000-08-22,74.0199,75.6246,73.7468,73.8834,203600,4430000.00,0.00543803,0.001564,3.4142
SH600880,2000-08-23,73.0640,73.9175,68.6596,72.1080,348200,7315000.00,0.00930021,0.002675,3.4142
SH600880,2000-08-24,72.2104,74.0541,72.1080,73.3712,333100,7123000.00,0.00889690,0.002559,3.4142
SH600880,2000-08-25,74.7711,75.0783,72.7225,73.0981,162500,3502000.00,0.00434028,0.001248,3.4142
SH600880,2000-08-28,73.2347,73.7468,72.3811,72.7908,172500,3684000.00,0.00460737,0.001325,3.4142
SH600880,2000-08-29,72.3811,73.3371,72.3811,72.7567,197100,4211000.00,0.00526442,0.001514,3.4142
SH600880,2000-08-30,72.5518,73.2005,72.5177,73.1664,450100,9598000.00,0.01202190,0.003458,3.4142
SH600880,2000-08-31,71.7666,73.0640,71.5276,71.9373,239200,5042000.00,0.00638889,0.001837,3.4142
SH600880,2000-09-01,69.9912,72.1080,69.9912,70.6740,249200,5183000.00,0.00665598,0.001914,3.4142
SH600880,2000-09-04,69.1718,71.4934,69.1718,69.8205,82000,1671000.00,0.00219017,0.000630,3.4142
SH600880,2000-09-05,71.1861,71.1861,69.5815,69.7180,148300,3035000.00,0.00396100,0.001139,3.4142
SH600880,2000-09-06,69.3083,69.3083,68.2841,69.3083,214200,4315000.00,0.00572115,0.001645,3.4142
SH600880,2000-09-07,70.6399,70.6740,69.4790,69.6498,58400,1197000.00,0.00155983,0.000449,3.4142
SH600880,2000-09-08,70.3326,71.1520,69.5815,69.5815,171500,3532000.00,0.00458066,0.001317,3.4142
SH600880,2000-09-11,70.3667,71.3569,69.5815,71.2886,102100,2097000.00,0.00272703,0.000784,3.4142
SH600880,2000-09-13,71.6983,71.9714,70.5374,71.3569,53000,1106000.00,0.00141560,0.000407,3.4142
SH600880,2000-09-14,71.3569,71.9714,70.4009,71.9373,119500,2491000.00,0.00319177,0.000918,3.4142
SH600880,2000-09-15,71.6300,71.6300,70.7082,71.1861,96400,2013000.00,0.00257479,0.000741,3.4142
SH600880,2000-09-18,71.0154,71.5617,70.6399,70.6740,73100,1519000.00,0.00195246,0.000562,3.4142
SH600880,2000-09-19,69.5132,70.9130,69.0011,69.7522,304700,6240000.00,0.00813835,0.002341,3.4142
SH600880,2000-09-20,69.2059,70.6057,69.1376,70.6057,260700,5334000.00,0.00696314,0.002003,3.4142
SH600880,2000-09-21,70.3326,71.1861,70.2643,71.0154,189000,3914000.00,0.00504808,0.001452,3.4142
SH600880,2000-09-22,70.7764,72.7567,70.7764,72.5177,584900,12281000.00,0.01562233,0.004493,3.4142
SH600880,2000-09-25,72.4835,73.0640,72.0397,73.0640,336300,7160000.00,0.00898237,0.002583,3.4142
SH600880,2000-09-26,72.8591,73.3712,71.9031,72.7225,475100,10141000.00,0.01268964,0.003650,3.4142
SH600880,2000-09-27,72.7225,76.6489,72.7225,76.1367,1731300,38170000.00,0.04624199,0.013299,3.4142
SH600880,2000-09-28,75.9660,76.4782,74.6004,75.6246,284000,6286000.00,0.00758547,0.002182,3.4142
SH600880,2000-09-29,75.5563,78.1853,75.5563,76.4782,477800,10722000.00,0.01276175,0.003670,3.4142
SH600880,2000-10-09,76.5123,78.1170,75.1125,77.8097,709900,16099000.00,0.01896100,0.005453,3.4142
SH600880,2000-10-10,77.5024,78.2877,75.4880,76.8196,622000,14027000.00,0.01661325,0.004778,3.4142
SH600880,2000-10-11,76.6489,78.1853,74.0882,78.1853,583400,13001000.00,0.01558226,0.004481,3.4142
SH600880,2000-10-12,77.5024,77.5024,75.1125,76.7172,242300,5409000.00,0.00647169,0.001861,3.4142
SH600880,2000-10-13,76.4782,76.4782,73.4054,75.3515,292800,6423000.00,0.00782051,0.002249,3.4142
SH600880,2000-10-16,75.1125,76.1026,74.1565,75.7270,349300,7703000.00,0.00932959,0.002683,3.4142
SH600880,2000-10-17,75.4539,76.6147,75.4198,76.5806,408400,9092000.00,0.01090812,0.003137,3.4142
SH600880,2000-10-18,76.4782,77.2634,75.5905,76.1367,447600,10053000.00,0.01195513,0.003438,3.4142
SH600880,2000-10-19,75.4539,76.4782,74.0882,75.0442,391500,8646000.00,0.01045673,0.003007,3.4142
SH600880,2000-10-20,75.0442,76.8196,74.3955,75.9319,912100,20183000.00,0.02436165,0.007006,3.4142
SH600880,2000-10-23,75.9660,76.1367,74.2931,75.7612,93100,2047000.00,0.00248665,0.000715,3.4142
SH600880,2000-10-24,75.1125,76.5123,74.7711,76.4440,108100,2399000.00,0.00288729,0.000830,3.4142
SH600880,2000-10-25,76.4099,77.4341,75.6246,77.2293,456600,10267000.00,0.01219551,0.003507,3.4142
SH600880,2000-10-26,77.3659,77.7756,75.7953,77.0586,592800,13342000.00,0.01583333,0.004554,3.4142
SH600880,2000-10-27,76.8196,77.5024,76.3075,77.5024,542900,12259000.00,0.01450053,0.004170,3.4142
SH600880,2000-10-30,77.4683,77.5024,76.1367,76.7513,97300,2184000.00,0.00259882,0.000747,3.4142
SH600880,2000-10-31,76.4782,78.1170,75.4880,77.8438,364900,8253000.00,0.00974626,0.002803,3.4142
SH600880,2000-11-01,77.1610,78.1853,76.3757,78.0146,143300,3265000.00,0.00382746,0.001101,3.4142
SH600880,2000-11-02,78.1853,78.5267,77.1610,78.1853,317200,7261000.00,0.00847222,0.002437,3.4142
SH600880,2000-11-03,78.1853,78.1853,76.1367,76.6489,134100,3031000.00,0.00358173,0.001030,3.4142
SH600880,2000-11-06,76.8879,77.1610,76.1026,77.0586,131400,2940000.00,0.00350962,0.001009,3.4142
SH600880,2000-11-07,76.8196,76.8196,75.4880,76.0002,140700,3132000.00,0.00375801,0.001081,3.4142
SH600880,2000-11-08,75.4539,76.6489,74.7711,76.3075,339600,7531000.00,0.00907051,0.002609,3.4142
SH600880,2000-11-09,74.8393,76.6489,74.8393,76.4782,178800,3979000.00,0.00477564,0.001373,3.4142
SH600880,2000-11-10,76.1367,79.4827,76.1367,78.9023,1468400,33661000.00,0.03922009,0.011280,3.4142
SH600880,2000-11-13,78.5267,84.2626,78.1853,84.2626,1642400,39322000.00,0.04386752,0.012616,3.4142
SH600880,2000-11-14,84.1601,84.7747,81.9750,84.3308,881700,21628000.00,0.02354968,0.006773,3.4142
SH600880,2000-11-15,84.5015,87.7450,83.3066,86.0379,1085100,27297000.00,0.02898237,0.008335,3.4142
SH600880,2000-11-16,85.8672,86.0038,83.9894,85.1502,325900,8103000.00,0.00870459,0.002503,3.4142
SH600880,2000-11-17,85.0137,87.0622,84.6723,86.8915,417600,10536000.00,0.01115385,0.003208,3.4142
SH600880,2000-11-20,86.7208,87.4719,84.2967,86.1404,422900,10631000.00,0.01129541,0.003249,3.4142
SH600880,2000-11-21,85.3551,85.6965,82.9652,83.1017,398900,9832000.00,0.01065438,0.003064,3.4142
SH600880,2000-11-22,82.9652,84.9795,82.9652,84.3991,246900,6087000.00,0.00659455,0.001897,3.4142
SH600880,2000-11-23,84.3308,84.9454,83.6480,84.4333,115900,2864000.00,0.00309562,0.000890,3.4142
SH600880,2000-11-24,83.6480,84.9454,80.6094,82.7944,321200,7771000.00,0.00857906,0.002467,3.4142
SH600880,2000-11-27,82.2823,82.2823,79.8924,81.2581,167600,3968000.00,0.00447650,0.001287,3.4142
SH600880,2000-11-28,80.2338,81.9750,80.2338,81.8726,131000,3131000.00,0.00349893,0.001006,3.4142
SH600880,2000-11-29,81.7702,81.7702,80.6435,81.4288,84300,2004000.00,0.00225160,0.000648,3.4142
SH600880,2000-11-30,81.5312,81.9409,78.5267,81.9068,92700,2210000.00,0.00247596,0.000712,3.4142
SH600880,2000-12-01,82.0775,83.3066,81.5995,82.6237,115200,2787000.00,0.00307692,0.000885,3.4142
SH600880,2000-12-04,79.2095,82.4872,79.2095,81.8726,70500,1683000.00,0.00188301,0.000542,3.4142
SH600880,2000-12-05,81.7702,82.9310,80.5411,81.1898,122900,2921000.00,0.00328259,0.000944,3.4142
SH600880,2000-12-06,81.1898,81.2581,79.5509,80.1314,151300,3556000.00,0.00404113,0.001162,3.4142
SH600880,2000-12-07,80.2338,80.4045,78.5267,78.6974,169400,3932000.00,0.00452457,0.001301,3.4142
SH600880,2000-12-08,77.8438,78.4243,74.3614,78.0146,1801700,40173000.00,0.04302315,0.013840,3.4142
SH600880,2000-12-11,77.0927,81.5995,77.0927,81.2581,2277300,53035000.00,0.05438010,0.017493,3.4142
SH600880,2000-12-12,83.3066,83.3066,75.1125,76.7513,3255700,74014000.00,0.07774351,0.025009,3.4142
SH600880,2000-12-13,76.1367,76.2392,71.2886,72.6884,1537000,32868000.00,0.03670233,0.011807,3.4142
SH600880,2000-12-14,71.6300,72.9274,68.2841,70.6399,1611500,33013000.00,0.03848133,0.012379,3.4142
SH600880,2000-12-15,70.5033,70.5033,68.2158,68.7962,1164900,23534000.00,0.02781688,0.008948,3.4142
SH600880,2000-12-18,68.7962,73.4054,68.6255,72.4153,1547800,32329000.00,0.03696023,0.011890,3.4142
SH600880,2000-12-19,72.9957,74.7369,71.5276,72.9957,1494000,31952000.00,0.03567552,0.011476,3.4142
SH600880,2000-12-20,72.9957,73.7468,70.3326,73.5761,766500,16091000.00,0.01830341,0.005888,3.4142
SH600880,2000-12-21,72.7225,72.7908,70.5033,70.5033,849400,17638000.00,0.02028299,0.006525,3.4142
SH600880,2000-12-22,70.5374,70.6740,68.1134,68.2158,1843300,37104000.00,0.04401653,0.014160,3.4142
SH600880,2000-12-25,68.6255,71.4934,68.6255,71.4593,679700,13981000.00,0.01623069,0.005221,3.4142
SH600880,2000-12-26,71.7324,72.6201,69.9912,70.6057,881000,18469000.00,0.02103758,0.006768,3.4142
SH600880,2000-12-27,70.5716,70.6740,69.1376,70.6740,412900,8436000.00,0.00985972,0.003172,3.4142
SH600880,2000-12-28,69.9912,70.6740,68.6255,69.9912,371800,7623000.00,0.00887829,0.002856,3.4142
SH600880,2000-12-29,70.1960,70.9813,68.2841,70.2985,326400,6629000.00,0.00779417,0.002507,3.4142
SH600880,2001-01-02,70.3326,70.6057,68.7279,70.6057,289300,5916000.00,0.00690825,0.002222,3.4142
SH600880,2001-01-03,70.3326,73.7468,69.5815,73.7468,787300,16460000.00,0.01880009,0.006048,3.4142
SH600880,2001-01-04,71.6983,73.2347,71.0154,71.4593,534600,11219000.00,0.01276582,0.004107,3.4142
SH600880,2001-01-05,69.5815,73.4054,69.4790,73.1664,1800100,38078000.00,0.04298495,0.013828,3.4142
SH600880,2001-01-08,72.0397,75.4539,72.0397,75.4539,1673200,36450000.00,0.03995468,0.012853,3.4142
SH600880,2001-01-09,76.2050,76.2050,72.8932,73.1322,843300,18245000.00,0.02013733,0.006478,3.4142
SH600880,2001-01-10,74.3614,74.9418,72.7225,72.7225,608400,13122000.00,0.01452811,0.004674,3.4142
SH600880,2001-01-11,73.0640,79.3802,73.0640,77.1610,1827900,41422000.00,0.04364879,0.014041,3.4142
SH600880,2001-01-12,76.9903,82.1457,76.8537,82.1457,3469300,81020000.00,0.08284411,0.026650,3.4142
SH600880,2001-01-15,81.5995,83.3066,79.8582,83.2724,1889000,45497000.00,0.04510781,0.014511,3.4142
SH600880,2001-01-16,81.2581,86.2428,81.2581,86.0379,2453900,60029000.00,0.05859717,0.018850,3.4142
SH600880,2001-01-17,85.3551,86.5842,82.9652,85.1844,1300200,32688000.00,0.03104774,0.009988,3.4142
SH600880,2001-01-18,84.6723,87.4036,82.5555,87.4036,2070400,51711000.00,0.04943950,0.015904,3.4142
SH600880,2001-01-19,88.3596,93.4126,84.2967,93.4126,2897600,76799000.00,0.06919237,0.022258,3.4142
SH600880,2001-02-05,92.2177,92.5249,88.7693,92.3542,1694900,45404000.00,0.04047286,0.013020,3.4142
SH600880,2001-02-06,91.1251,91.1251,85.0137,86.8915,965200,24608000.00,0.02304820,0.007414,3.4142
SH600880,2001-02-07,88.3596,88.5986,85.0478,85.9697,810900,20520000.00,0.01936364,0.006229,3.4142
SH600880,2001-02-08,85.6282,85.9697,81.9409,85.2868,987400,24400000.00,0.02357832,0.007585,3.4142
SH600880,2001-02-09,83.8187,85.3551,82.2823,85.1844,561100,13821000.00,0.01339862,0.004310,3.4142
SH600880,2001-02-12,85.0137,85.0137,81.9409,83.9894,358800,8743000.00,0.00856786,0.002756,3.4142
SH600880,2001-02-13,83.1700,85.2868,82.1457,84.8771,217100,5337000.00,0.00518417,0.001668,3.4142
SH600880,2001-02-14,84.1943,84.6723,82.6237,84.2626,563000,13761000.00,0.01344399,0.004325,3.4142
SH600880,2001-02-15,83.9211,84.3308,82.7944,84.2967,633500,15472000.00,0.01512747,0.004866,3.4142
SH600880,2001-02-16,83.5797,86.0379,83.5797,85.9014,458700,11463000.00,0.01095339,0.003524,3.4142
SH600880,2001-02-19,87.7450,88.0523,85.5258,88.0182,662300,16870000.00,0.01581519,0.005088,3.4142
SH600880,2001-02-20,86.4476,88.5986,86.4476,87.5743,364200,9359000.00,0.00869680,0.002798,3.4142
SH600880,2001-02-21,86.3794,87.4036,83.9211,85.0137,213800,5317000.00,0.00510537,0.001642,3.4142
SH600880,2001-02-22,84.0236,85.1844,83.9211,84.9454,264400,6551000.00,0.00631366,0.002031,3.4142
SH600880,2001-02-23,83.9894,85.9697,83.6821,85.8672,169800,4228000.00,0.00405469,0.001304,3.4142
SH600880,2001-02-26,85.8672,86.1745,83.9894,85.9697,125700,3144000.00,0.00300162,0.000966,3.4142
SH600880,2001-02-27,85.1161,86.1745,84.6723,86.0038,217700,5424000.00,0.00519850,0.001672,3.4142
SH600880,2001-02-28,84.8430,85.9697,84.3991,85.6624,132200,3287000.00,0.00315683,0.001016,3.4142
SH600880,2001-03-01,85.0137,86.9256,85.0137,86.4135,356800,8978000.00,0.00852010,0.002741,3.4142
SH600880,2001-03-02,86.4135,88.0182,85.3551,87.9499,418300,10656000.00,0.00998867,0.003213,3.4142
SH600880,2001-03-05,87.9499,88.3937,87.5743,88.0523,376900,9701000.00,0.00900007,0.002895,3.4142
SH600880,2001-03-06,87.7450,88.1889,86.3794,87.6085,282700,7226000.00,0.00675065,0.002172,3.4142
SH600880,2001-03-07,86.5501,87.8133,86.3794,87.7109,690900,17569000.00,0.01649814,0.005307,3.4142
SH600880,2001-03-08,86.6866,88.5986,86.6866,88.5986,1376000,35354000.00,0.03285778,0.010570,3.4142
SH600880,2001-03-09,87.7450,92.6274,87.4036,92.0811,1545300,40658000.00,0.03690053,0.011870,3.4142
SH600880,2001-03-12,91.7738,93.0371,90.8178,91.5007,476700,12762000.00,0.01138321,0.003662,3.4142
SH600880,2001-03-13,91.1593,93.5151,90.1350,93.3102,727800,19510000.00,0.01737928,0.005591,3.4142
SH600880,2001-03-14,93.4809,94.1638,92.0128,93.5492,626500,17082000.00,0.01496032,0.004813,3.4142
SH600880,2001-03-15,93.0371,94.8807,92.1152,94.1638,718400,19657000.00,0.01715482,0.005519,3.4142
SH600880,2001-03-16,93.8906,94.5735,92.0128,94.3345,449700,12303000.00,0.01073848,0.003454,3.4142
SH600880,2001-03-19,92.2177,92.5591,88.7693,91.4324,349500,9328000.00,0.00834578,0.002685,3.4142
SH600880,2001-03-20,90.3057,92.5249,89.7936,91.6714,249400,6678000.00,0.00595547,0.001916,3.4142
SH600880,2001-03-21,90.6471,91.7397,89.4521,91.7055,353300,9386000.00,0.00843652,0.002714,3.4142
SH600880,2001-03-22,90.8178,94.5735,90.8178,94.5735,839900,22849000.00,0.02005614,0.006452,3.4142
SH600880,2001-03-23,94.2320,96.5878,93.1395,96.0416,1655800,45856000.00,0.03953918,0.012719,3.4142
SH600880,2001-03-26,95.4270,100.8897,95.4270,100.8215,916300,26589000.00,0.02188051,0.007039,3.4142
SH600880,2001-03-27,100.8215,103.8260,100.8215,103.4504,1504400,45233000.00,0.03592387,0.011556,3.4142
SH600880,2001-03-28,102.2896,102.2896,99.7972,100.6849,640800,18989000.00,0.01530179,0.004922,3.4142
SH600880,2001-03-29,100.2069,102.2554,99.1826,100.7190,233600,6876000.00,0.00557818,0.001794,3.4142
SH600880,2001-03-30,100.3776,100.6166,98.3291,99.6606,357700,10392000.00,0.00854159,0.002748,3.4142
SH600880,2001-04-02,99.5241,102.2554,99.0119,100.5142,277000,8145000.00,0.00661454,0.002128,3.4142
SH600880,2001-04-03,100.2069,102.0847,99.2168,101.3336,127200,3743000.00,0.00303743,0.000977,3.4142
SH600880,2001-04-04,100.7190,102.0506,100.0362,101.2653,181000,5361000.00,0.00432214,0.001390,3.4142
SH600880,2001-04-05,100.3776,102.4261,99.5241,102.4261,232300,6897000.00,0.00554714,0.001784,3.4142
SH600880,2001-04-06,101.7433,107.5474,100.7190,103.8260,358100,10840000.00,0.00855114,0.002751,3.4142
SH600880,2001-04-09,103.4504,104.3039,101.7433,102.7676,373000,11255000.00,0.00890694,0.002865,3.4142
SH600880,2001-04-10,102.5968,104.3381,100.0362,102.7676,215000,6424000.00,0.00513403,0.001652,3.4142
SH600880,2001-04-11,102.4261,103.1090,101.0604,102.6993,96100,2882000.00,0.00229479,0.000738,3.4142
SH600880,2001-04-12,102.9383,103.3138,99.6948,103.3138,316700,9496000.00,0.00756254,0.002433,3.4142
SH600880,2001-04-13,102.4261,106.4549,102.4261,106.4549,348200,10630000.00,0.00831474,0.002675,3.4142
SH600880,2001-04-16,106.4890,111.2348,106.4549,108.1961,337700,10759000.00,0.00806401,0.002594,3.4142
SH600880,2001-04-17,108.2303,110.9616,106.8646,108.5717,178500,5659000.00,0.00426244,0.001371,3.4142
SH600880,2001-04-18,107.8889,109.8350,107.8547,109.5960,234900,7486000.00,0.00560922,0.001804,3.4142
SH600880,2001-04-19,108.9131,109.8008,108.7083,109.5618,116300,3726000.00,0.00277715,0.000893,3.4142
SH600880,2001-04-20,108.9814,109.6984,107.5474,109.2545,224900,7170000.00,0.00537043,0.001728,3.4142
SH600880,2001-04-23,108.2303,108.2303,102.4261,104.7478,462200,14081000.00,0.01103697,0.003550,3.4142
SH600880,2001-04-24,102.6993,104.5771,102.4261,103.7918,386600,11686000.00,0.00923170,0.002970,3.4142
SH600880,2001-04-25,102.9383,103.8601,101.2653,102.9383,200900,6043000.00,0.00479733,0.001543,3.4142
SH600880,2001-04-26,102.7676,103.0407,100.0362,101.7091,176400,5223000.00,0.00421229,0.001355,3.4142
SH600880,2001-04-27,101.4019,102.0164,99.3533,102.0164,327400,9641000.00,0.00781805,0.002515,3.4142
SH600880,2001-04-30,101.5726,102.5286,100.3776,102.2554,212500,6334000.00,0.00507433,0.001632,3.4142
SH600880,2001-05-08,102.0847,103.7918,102.0847,103.0065,80700,2437000.00,0.00192705,0.000620,3.4142
SH600880,2001-05-09,102.5968,103.1090,100.0703,102.2896,61900,1845000.00,0.00147812,0.000476,3.4142
SH600880,2001-05-10,101.7433,102.4261,100.0362,101.7091,59500,1768000.00,0.00142081,0.000457,3.4142
SH600880,2001-05-11,101.5726,102.8700,100.2752,102.3578,37500,1121000.00,0.00089547,0.000288,3.4142
SH600880,2001-05-14,102.1871,105.8403,101.2312,102.3237,421100,12637000.00,0.01005553,0.003235,3.4142
SH600880,2001-05-15,101.2312,104.1332,101.2312,104.1332,529900,15936000.00,0.01265359,0.004071,3.4142
SH600880,2001-05-17,104.3039,105.7721,103.2114,104.4747,85600,2633000.00,0.00204406,0.000658,3.4142
SH600880,2001-05-18,104.1332,108.5717,104.1332,108.5717,261200,8214000.00,0.00623725,0.002006,3.4142
SH600880,2001-05-21,110.6202,110.9275,104.7478,105.8403,214800,6675000.00,0.00512925,0.001650,3.4142
SH600880,2001-05-22,104.8161,107.6499,104.8161,106.7963,473400,14823000.00,0.01130441,0.003637,3.4142
SH600880,2001-05-23,106.2500,107.7864,105.4306,107.0353,477100,14986000.00,0.01139277,0.003665,3.4142
SH600880,2001-05-24,106.4549,107.1377,104.4747,106.8646,123600,3831000.00,0.00295147,0.000949,3.4142
SH600880,2001-05-25,107.0353,109.1521,104.6454,105.8062,668100,21155000.00,0.01595369,0.005132,3.4142
SH600880,2001-05-28,105.3282,105.4989,100.7190,104.7819,158700,4819000.00,0.00378963,0.001219,3.4142
SH600880,2001-05-29,103.6211,104.8161,103.1090,103.5870,46800,1422000.00,0.00111755,0.000360,3.4142
SH600880,2001-05-30,103.5187,104.4064,101.2312,104.4064,139500,4204000.00,0.00333115,0.001072,3.4142
SH600880,2001-05-31,103.9625,104.4064,101.2653,102.8017,91800,2763000.00,0.00219211,0.000705,3.4142
SH600880,2001-06-01,102.8358,103.4504,100.0703,101.9140,139300,4131000.00,0.00332637,0.001070,3.4142
SH600880,2001-06-04,101.5726,102.4261,100.7190,102.0847,85200,2530000.00,0.00203451,0.000654,3.4142
SH600880,2001-06-05,101.7433,102.5627,99.0119,101.4360,213500,6334000.00,0.00509821,0.001640,3.4142
SH600880,2001-06-06,101.4360,101.9823,100.7190,101.5384,140000,4154000.00,0.00334309,0.001075,3.4142
SH600880,2001-06-07,101.3336,101.7433,100.7190,101.5726,52700,1565000.00,0.00125843,0.000405,3.4142
SH600880,2001-06-08,101.4702,102.6651,100.7190,102.6651,83200,2476000.00,0.00198675,0.000639,3.4142
SH600880,2001-06-11,102.2554,103.2114,102.0847,103.0407,163900,4934000.00,0.00391380,0.001259,3.4142
SH600880,2001-06-12,102.4603,103.1090,102.3578,102.9383,400600,12061000.00,0.00956601,0.003077,3.4142
SH600880,2001-06-13,102.4944,103.0407,101.7433,102.5968,96700,2900000.00,0.00230912,0.000743,3.4142
SH600880,2001-06-14,102.2554,102.7676,100.7190,101.6750,522500,15651000.00,0.01247688,0.004014,3.4142
SH600880,2001-06-15,101.6750,102.5968,100.0362,102.5968,141900,4225000.00,0.00338846,0.001090,3.4142
SH600880,2001-06-18,102.4261,103.0407,101.7433,102.0847,89100,2669000.00,0.00212764,0.000684,3.4142
SH600880,2001-06-19,102.0164,102.3920,100.2069,102.1871,116000,3455000.00,0.00276999,0.000891,3.4142
SH600880,2001-06-20,101.9140,102.6993,101.7433,102.5286,77800,2334000.00,0.00185780,0.000598,3.4142
SH600880,2001-06-21,102.1530,102.5286,99.3533,102.1871,328300,9827000.00,0.00783954,0.002522,3.4142
SH600880,2001-06-22,102.0844,102.6662,102.0844,102.6662,57400,1719000.00,0.00137067,0.000441,3.4222
SH600880,2001-06-25,102.1529,102.7689,100.6129,102.1187,34400,1024000.00,0.00082144,0.000264,3.4222
SH600880,2001-06-26,102.0844,102.2556,100.3391,102.2556,94300,2798000.00,0.00225181,0.000724,3.4222
SH600880,2001-06-27,101.9818,102.6662,99.4151,102.2556,300800,8846000.00,0.00718286,0.002311,3.4222
SH600880,2001-06-28,101.9818,101.9818,99.5862,101.4000,369100,10861000.00,0.00881381,0.002835,3.4222
SH600880,2001-06-29,99.5862,101.9818,99.5862,101.3658,201500,5948000.00,0.00481166,0.001548,3.4222
SH600880,2001-07-02,100.9551,100.9551,96.6774,96.7800,166400,4747000.00,0.00397350,0.001278,3.4222
SH600880,2001-07-03,96.7458,97.1222,95.8218,96.1640,111600,3136000.00,0.00266492,0.000857,3.4222
SH600880,2001-07-04,95.9245,96.5062,95.4111,95.4111,38300,1072000.00,0.00091457,0.000294,3.4222
SH600880,2001-07-05,95.4111,96.1640,93.1525,95.7191,79100,2208000.00,0.00188884,0.000608,3.4222
SH600880,2001-07-06,95.4796,95.8560,95.3085,95.8218,27000,755000.00,0.00064474,0.000207,3.4222
SH600880,2001-07-09,95.1374,95.8218,95.0689,95.6507,19900,558000.00,0.00047520,0.000153,3.4222
SH600880,2001-07-10,95.1716,95.8218,94.8636,95.4454,78600,2194000.00,0.00187691,0.000604,3.4222
SH600880,2001-07-11,95.2058,95.7534,93.7685,95.2400,88000,2444000.00,0.00210137,0.000676,3.4222
SH600880,2001-07-12,95.1374,95.1374,92.3996,94.5214,65600,1808000.00,0.00156648,0.000504,3.4222
SH600880,2001-07-13,94.4529,95.1374,93.0840,94.2134,66900,1837000.00,0.00159752,0.000514,3.4222
SH600880,2001-07-16,94.4529,94.4529,91.7152,94.2134,146200,3998000.00,0.00349114,0.001123,3.4222
SH600880,2001-07-17,93.7000,94.6240,93.7000,94.1107,52000,1430000.00,0.00124172,0.000399,3.4222
SH600880,2001-07-18,93.9738,94.3845,93.5289,94.3845,144600,3971000.00,0.00345293,0.001111,3.4222
SH600880,2001-07-19,94.0423,95.1374,93.7685,95.1374,174300,4820000.00,0.00416214,0.001339,3.4222
SH600880,2001-07-20,94.2818,95.7534,94.2818,95.5822,138200,3850000.00,0.00330011,0.001062,3.4222
SH600880,2001-07-23,94.3160,95.8218,94.1107,94.9662,53800,1495000.00,0.00128470,0.000413,3.4222
SH600880,2001-07-24,94.3503,95.0689,93.0840,93.9054,44600,1225000.00,0.00106501,0.000343,3.4222
SH600880,2001-07-25,93.3578,94.7267,92.6734,94.7267,87300,2399000.00,0.00208465,0.000671,3.4222
SH600880,2001-07-26,93.7685,94.9662,92.7418,94.4529,86400,2380000.00,0.00206316,0.000664,3.4222
SH600880,2001-07-27,93.7685,94.4529,92.6049,94.1107,58800,1609000.00,0.00140410,0.000452,3.4222
SH600880,2001-07-30,93.4263,94.0423,90.0040,92.5023,81300,2196000.00,0.00194138,0.000625,3.4222
SH600880,2001-07-31,92.3996,93.0840,90.6885,91.8863,120600,3236000.00,0.00287983,0.000926,3.4222
SH600880,2001-08-01,85.8974,91.7152,85.8974,89.6618,29000,765000.00,0.00069250,0.000223,3.4222
SH600880,2001-08-02,89.3196,89.3196,82.1330,86.2054,106800,2630000.00,0.00255030,0.000820,3.4222
SH600880,2001-08-03,82.2014,87.2663,82.2014,87.0609,36400,902000.00,0.00086920,0.000280,3.4222
SH600880,2001-08-06,82.8174,88.2929,82.6463,85.3498,8400,207000.00,0.00020059,0.000065,3.4222
SH600880,2001-08-07,83.1596,85.2130,81.7223,83.7072,87600,2110000.00,0.00209182,0.000673,3.4222
SH600880,2001-08-08,83.5361,84.8707,82.1330,84.1863,24000,584000.00,0.00057310,0.000184,3.4222
SH600880,2001-08-09,75.7677,85.0418,75.7677,83.4676,170800,4087000.00,0.00407857,0.001312,3.4222
SH600880,2001-08-10,82.1330,84.5285,82.0303,83.0912,130700,3174000.00,0.00312101,0.001004,3.4222
SH600880,2001-08-13,83.1596,83.5018,82.0987,82.0987,42200,1015000.00,0.00100770,0.000324,3.4222
SH600880,2001-08-14,82.1330,82.8174,81.4485,81.9961,324300,7763000.00,0.00774402,0.002491,3.4222
SH600880,2001-08-15,82.1330,82.1330,81.4485,81.8592,634900,15180000.00,0.01516090,0.004877,3.4222
SH600880,2001-08-16,81.8592,81.8592,80.3534,81.6539,105700,2511000.00,0.00252403,0.000812,3.4222
SH600880,2001-08-17,81.6539,82.7832,81.4485,82.7832,74500,1788000.00,0.00177900,0.000572,3.4222
SH600880,2001-08-20,81.4827,84.2547,81.4827,82.8516,47500,1149000.00,0.00113426,0.000365,3.4222
SH600880,2001-08-21,82.4410,83.5018,81.7907,82.9885,74000,1780000.00,0.00176706,0.000568,3.4222
SH600880,2001-08-22,83.3307,83.5018,80.7641,82.0645,94300,2250000.00,0.00225181,0.000724,3.4222
SH600880,2001-08-23,81.1063,82.7490,80.4219,81.6196,23600,560000.00,0.00056355,0.000181,3.4222
SH600880,2001-08-24,82.4752,82.4752,80.4219,81.4143,37800,893000.00,0.00090263,0.000290,3.4222
SH600880,2001-08-27,80.4219,82.0303,78.0263,81.5170,55200,1290000.00,0.00131813,0.000424,3.4222
SH600880,2001-08-28,81.1063,81.2774,78.8819,81.2774,53400,1263000.00,0.00127515,0.000410,3.4222
SH600880,2001-08-29,82.1330,82.4410,81.1063,81.4485,22100,527000.00,0.00052773,0.000170,3.4222
SH600880,2001-08-30,81.6196,81.6196,80.4903,81.3116,5800,137000.00,0.00013850,0.000045,3.4222
SH600880,2001-08-31,81.1063,81.4143,80.2508,80.9694,21200,500000.00,0.00050624,0.000163,3.4222
SH600880,2001-09-03,79.3952,81.9961,79.0530,81.1063,42500,986000.00,0.00101487,0.000326,3.4222
SH600880,2001-09-04,81.0036,83.8098,80.7641,83.6045,58800,1417000.00,0.00140410,0.000452,3.4222
SH600880,2001-09-05,82.8174,83.8441,81.7907,82.6805,133800,3215000.00,0.00319504,0.001028,3.4222
SH600880,2001-09-06,82.1330,83.4334,81.1063,82.0645,108600,2597000.00,0.00259328,0.000834,3.4222
SH600880,2001-09-07,82.0645,82.1330,80.4219,81.7907,35200,834000.00,0.00084055,0.000270,3.4222
SH600880,2001-09-10,81.7907,82.3725,80.4219,82.3725,50500,1202000.00,0.00120590,0.000388,3.4222
SH600880,2001-09-11,84.1863,84.1863,80.7983,82.0303,201100,4820000.00,0.00480211,0.001545,3.4222
SH600880,2001-09-13,79.7374,81.7907,79.7374,81.0721,69700,1626000.00,0.00166438,0.000535,3.4222
SH600880,2001-09-14,81.0721,81.0721,78.7108,80.0112,44300,1027000.00,0.00105785,0.000340,3.4222
SH600880,2001-09-17,79.3952,81.4485,76.2468,77.9579,193800,4470000.00,0.00462779,0.001489,3.4222
SH600880,2001-09-18,76.5890,80.2508,75.2885,77.6157,342600,7805000.00,0.00818101,0.002632,3.4222
SH600880,2001-09-19,76.9997,80.0112,75.5623,79.9770,28900,658000.00,0.00069011,0.000222,3.4222
SH600880,2001-09-20,78.7108,81.1063,75.6308,79.7374,958100,21609000.00,0.02287866,0.007360,3.4222
SH600880,2001-09-21,76.9997,77.3077,75.3912,75.3912,35500,790000.00,0.00084771,0.000273,3.4222
SH600880,2001-09-24,76.0757,76.0757,69.3681,70.1210,162200,3344000.00,0.00387321,0.001246,3.4222
SH600880,2001-09-25,70.1552,71.5241,68.7521,68.9917,168400,3454000.00,0.00402126,0.001294,3.4222
SH600880,2001-09-26,69.1286,69.7446,67.9308,68.7179,164000,3290000.00,0.00391619,0.001260,3.4222
SH600880,2001-09-27,68.7179,69.7446,67.7597,68.4441,199800,4000000.00,0.00477106,0.001535,3.4222
SH600880,2001-09-28,68.4099,71.3872,68.3072,71.0792,314700,6327000.00,0.00751478,0.002417,3.4222
SH600880,2001-10-08,70.8055,70.8055,68.3757,69.0943,30600,614000.00,0.00073070,0.000235,3.4222
SH600880,2001-10-09,68.4441,68.9232,68.1704,68.4784,57000,1141000.00,0.00136111,0.000438,3.4222
SH600880,2001-10-10,68.4441,68.4441,67.3490,68.2730,78900,1568000.00,0.00188407,0.000606,3.4222
SH600880,2001-10-11,68.1019,68.1019,66.7330,67.4517,54100,1062000.00,0.00129186,0.000416,3.4222
SH600880,2001-10-12,67.5886,69.7446,67.0752,69.4708,150900,3005000.00,0.00360337,0.001159,3.4222
SH600880,2001-10-15,68.4441,68.4441,67.0752,68.2388,65400,1295000.00,0.00156170,0.000502,3.4222
SH600880,2001-10-16,68.1019,69.4023,67.4859,68.2730,27100,540000.00,0.00064713,0.000208,3.4222
SH600880,2001-10-17,68.1019,69.1286,67.4517,67.8966,24500,485000.00,0.00058504,0.000188,3.4222
SH600880,2001-10-18,67.7597,68.3757,65.7064,66.7330,68900,1349000.00,0.00164528,0.000529,3.4222
SH600880,2001-10-19,66.7330,67.4175,61.6339,65.0219,61000,1151000.00,0.00145663,0.000469,3.4222
SH600880,2001-10-22,64.6797,64.6797,59.4779,61.5997,45600,826000.00,0.00108889,0.000350,3.4222
SH600880,2001-10-23,61.5997,67.7597,61.5997,67.7597,1182100,23323000.00,0.02822760,0.009081,3.4222
SH600880,2001-10-24,67.2464,68.4441,61.2575,64.6455,660800,12540000.00,0.01577938,0.005076,3.4222
SH600880,2001-10-25,64.6455,66.0144,61.5997,63.9953,1488100,27639000.00,0.03553464,0.011431,3.4222
SH600880,2001-10-26,64.0295,64.0295,62.3868,63.3108,1140200,21164000.00,0.02722706,0.008759,3.4222
SH600880,2001-10-29,63.3108,63.3108,61.5997,63.3108,130500,2381000.00,0.00311624,0.001002,3.4222
SH600880,2001-10-30,63.3108,63.3108,61.6682,62.6264,47700,871000.00,0.00113904,0.000366,3.4222
SH600880,2001-10-31,62.6264,65.0219,61.9762,65.0219,76300,1406000.00,0.00182198,0.000586,3.4222
SH600880,2001-11-01,64.3375,66.6646,63.3108,66.2197,189500,3596000.00,0.00452511,0.001456,3.4222
SH600880,2001-11-02,65.3641,67.0752,64.3375,67.0752,114200,2191000.00,0.00272700,0.000877,3.4222
SH600880,2001-11-05,66.9041,66.9041,65.1246,66.3566,22100,426000.00,0.00052773,0.000170,3.4222
SH600880,2001-11-06,66.3566,67.8624,64.9535,66.1855,40000,766000.00,0.00095517,0.000307,3.4222
SH600880,2001-11-07,66.0486,66.3566,63.2424,64.1321,186600,3586000.00,0.00445586,0.001433,3.4222
SH600880,2001-11-08,63.3108,63.3108,61.5997,62.5579,84700,1540000.00,0.00202257,0.000651,3.4222
SH600880,2001-11-09,62.4553,65.0219,62.2842,64.6797,247700,4609000.00,0.00591488,0.001903,3.4222
SH600880,2001-11-12,64.6797,66.6988,63.3108,65.7064,268700,5090000.00,0.00641634,0.002064,3.4222
SH600880,2001-11-13,65.6379,66.3908,64.6797,65.8775,183000,3487000.00,0.00436989,0.001406,3.4222
SH600880,2001-11-14,65.8775,67.0410,65.0219,65.6379,169300,3233000.00,0.00404275,0.001301,3.4222
SH600880,2001-11-15,65.6379,66.5619,64.9535,66.5619,147100,2816000.00,0.00351263,0.001130,3.4222
SH600880,2001-11-16,66.5619,70.1552,65.0219,67.0068,766900,14983000.00,0.01831296,0.005891,3.4222
SH600880,2001-11-19,65.8433,66.6646,64.3033,66.1855,405600,7723000.00,0.00968540,0.003116,3.4222
SH600880,2001-11-20,67.7597,69.8130,66.5619,68.3757,528400,10466000.00,0.01261777,0.004059,3.4222
SH600880,2001-11-21,68.2730,68.9575,67.3148,68.7864,529300,10521000.00,0.01263926,0.004066,3.4222
SH600880,2001-11-22,68.6152,69.2997,68.0335,68.7864,340500,6829000.00,0.00813087,0.002616,3.4222
SH600880,2001-11-23,68.5468,68.7864,67.2464,68.0677,213100,4240000.00,0.00508866,0.001637,3.4222
SH600880,2001-11-26,67.4175,68.0677,65.7064,66.3224,180500,3511000.00,0.00431020,0.001387,3.4222
SH600880,2001-11-27,67.3148,67.3490,65.8433,66.8699,151600,2936000.00,0.00362009,0.001165,3.4222
SH600880,2001-11-28,66.8699,69.0943,66.7330,67.8624,218000,4317000.00,0.00520567,0.001675,3.4222
SH600880,2001-11-29,67.8624,68.3757,66.7672,67.2121,136200,2690000.00,0.00325235,0.001046,3.4222
SH600880,2001-11-30,67.2121,67.5886,66.7330,67.4175,120000,2356000.00,0.00286550,0.000922,3.4222
SH600880,2001-12-03,67.4175,69.1286,67.0752,68.9575,236600,4715000.00,0.00564982,0.001817,3.4222
SH600880,2001-12-04,68.9575,69.4023,68.1361,68.8548,209100,4198000.00,0.00499314,0.001606,3.4222
SH600880,2001-12-05,68.4441,68.6495,67.7597,68.4099,147500,2938000.00,0.00352218,0.001133,3.4222
SH600880,2001-12-06,68.4099,68.5126,65.2957,67.8281,87200,1721000.00,0.00208227,0.000670,3.4222
SH600880,2001-12-07,67.8281,68.4441,66.8357,67.8281,62500,1233000.00,0.00149245,0.000480,3.4222
SH600880,2001-12-10,67.7597,67.9650,66.4935,66.9041,63000,1231000.00,0.00150439,0.000484,3.4222
SH600880,2001-12-11,67.4175,67.4175,65.3984,66.4592,114400,2196000.00,0.00273178,0.000879,3.4222
SH600880,2001-12-12,68.9232,68.9232,65.7064,66.7672,186500,3691000.00,0.00445347,0.001433,3.4222
SH600880,2001-12-13,66.3908,67.1779,65.0219,66.2539,69600,1333000.00,0.00166199,0.000535,3.4222
SH600880,2001-12-14,66.0486,66.0486,65.0219,65.9117,105500,2014000.00,0.00251926,0.000810,3.4222
SH600880,2001-12-17,65.6379,65.7064,64.6797,65.6037,22900,437000.00,0.00054683,0.000176,3.4222
SH600880,2001-12-18,65.5353,67.3490,64.8166,66.5961,230400,4434000.00,0.00550177,0.001770,3.4222
SH600880,2001-12-19,66.3908,66.6988,64.8508,65.4668,69500,1326000.00,0.00165960,0.000534,3.4222
SH600880,2001-12-21,64.6797,64.6797,60.2308,60.8810,285100,5124000.00,0.00680796,0.002190,3.4222
SH600880,2001-12-24,59.8886,62.2842,59.5806,60.9153,154500,2747000.00,0.00368934,0.001187,3.4222
SH600880,2001-12-25,60.7442,61.4286,54.8237,54.8237,550600,8933000.00,0.01314789,0.004230,3.4222
SH600880,2001-12-26,54.8237,55.4397,53.6944,55.3713,782700,12509000.00,0.01869025,0.006012,3.4222
SH600880,2001-12-27,55.4397,56.3980,54.8580,55.3713,276200,4483000.00,0.00659544,0.002122,3.4222
SH600880,2001-12-28,55.4055,56.3980,55.3713,56.3980,205600,3365000.00,0.00490956,0.001579,3.4222
SH600880,2001-12-31,56.3980,58.6908,56.3980,57.9037,258200,4329000.00,0.00616561,0.001983,3.4222
SH600880,2002-01-04,58.1775,58.4855,54.7895,57.4246,155300,2573000.00,0.00370844,0.001193,3.4222
SH600880,2002-01-07,57.1166,57.6299,55.5766,55.8846,68500,1133000.00,0.00163573,0.000526,3.4222
SH600880,2002-01-08,55.8846,56.9797,55.4397,56.0900,34800,569000.00,0.00083100,0.000267,3.4222
SH600880,2002-01-09,56.0900,56.4664,54.7553,55.5082,93300,1511000.00,0.00222793,0.000717,3.4222
SH600880,2002-01-10,55.5082,56.2953,54.5842,56.2268,215900,3476000.00,0.00515552,0.001658,3.4222
SH600880,2002-01-11,56.2268,57.2535,55.6451,56.2268,58300,955000.00,0.00139216,0.000448,3.4222
SH600880,2002-01-14,56.1242,56.1242,54.7553,55.0975,65700,1056000.00,0.00156886,0.000505,3.4222
SH600880,2002-01-15,54.8237,55.7820,54.2077,54.4473,111900,1791000.00,0.00267208,0.000860,3.4222
SH600880,2002-01-16,54.4473,56.2953,54.2420,56.2953,170400,2743000.00,0.00406902,0.001309,3.4222
SH600880,2002-01-17,56.2611,56.2611,51.9833,54.6184,81000,1296000.00,0.00193422,0.000622,3.4222
SH600880,2002-01-18,54.5842,54.7553,52.3940,53.7286,90500,1430000.00,0.00216107,0.000695,3.4222
SH600880,2002-01-21,54.0709,54.8580,51.6753,53.3864,66800,1042000.00,0.00159513,0.000513,3.4222
SH600880,2002-01-22,53.7286,53.7286,53.3180,53.5233,84800,1325000.00,0.00202496,0.000651,3.4222
SH600880,2002-01-23,53.5575,55.0975,53.4549,54.8237,97400,1546000.00,0.00232583,0.000748,3.4222
SH600880,2002-01-24,54.8237,56.0215,53.5917,55.4397,85900,1389000.00,0.00205122,0.000660,3.4222
SH600880,2002-01-25,55.6108,56.3637,54.7895,55.5082,34500,559000.00,0.00082383,0.000265,3.4222
SH600880,2002-01-28,55.5082,55.6451,53.0442,53.7286,74900,1194000.00,0.00178855,0.000575,3.4222
SH600880,2002-01-29,53.7286,54.9264,53.1126,53.3864,36800,580000.00,0.00087875,0.000283,3.4222
SH600880,2002-01-30,53.3864,54.0709,53.1469,53.7629,45400,711000.00,0.00108412,0.000349,3.4222
SH600880,2002-01-31,54.1051,57.1166,54.1051,57.0140,284700,4659000.00,0.00679841,0.002187,3.4222
SH600880,2002-02-01,57.0140,57.0824,54.4131,55.1317,246300,3970000.00,0.00588145,0.001892,3.4222
SH600880,2002-02-04,55.0975,55.5766,54.4131,54.7553,217600,3490000.00,0.00519611,0.001672,3.4222
SH600880,2002-02-05,54.7553,55.0975,52.1886,53.5917,519300,8115000.00,0.01240047,0.003989,3.4222
SH600880,2002-02-06,54.1735,54.6868,52.0175,52.2229,454000,6982000.00,0.01084116,0.003487,3.4222
SH600880,2002-02-07,52.3597,54.0709,52.2571,53.8997,425900,6610000.00,0.01017015,0.003272,3.4222
SH600880,2002-02-08,54.2420,54.2420,52.6335,52.8731,118800,1857000.00,0.00283685,0.000913,3.4222
SH600880,2002-02-25,54.0709,54.5842,52.7020,53.2153,126200,1969000.00,0.00301356,0.000969,3.4222
SH600880,2002-02-26,54.2762,56.3980,53.8313,55.4740,531900,8530000.00,0.01270135,0.004086,3.4222
SH600880,2002-02-27,55.4740,57.4931,55.4740,55.6793,823700,13599000.00,0.01966930,0.006327,3.4222
SH600880,2002-02-28,55.1317,57.5957,54.7895,57.0824,1949300,31549000.00,0.04654772,0.014974,3.4222
SH600880,2002-03-01,56.8771,58.5539,56.6375,58.1433,1129000,19017000.00,0.02695962,0.008673,3.4222
SH600880,2002-03-04,58.5197,61.8735,58.2459,60.7442,1147000,20283000.00,0.02738944,0.008811,3.4222
SH600880,2002-03-05,60.9495,63.6188,60.9495,63.4477,1038400,19063000.00,0.02479616,0.007977,3.4222
SH600880,2002-03-06,63.6530,64.2690,62.3184,62.9344,669700,12324000.00,0.01599190,0.005144,3.4222
SH600880,2002-03-07,62.9344,63.5846,62.2842,63.5161,521700,9590000.00,0.01245778,0.004008,3.4222
SH600880,2002-03-08,63.6530,63.9268,62.3184,63.6873,675600,12502000.00,0.01613279,0.005190,3.4222
SH600880,2002-03-11,63.6873,63.6873,62.7975,63.2082,393400,7246000.00,0.00939408,0.003022,3.4222
SH600880,2002-03-12,63.1397,63.1397,60.9837,62.2157,579700,10447000.00,0.01384277,0.004453,3.4222
SH600880,2002-03-13,61.5997,63.3108,60.7442,62.0788,655500,11801000.00,0.01565282,0.005035,3.4222
SH600880,2002-03-14,61.5655,62.6264,61.0522,62.5579,294900,5323000.00,0.00704198,0.002265,3.4222
SH600880,2002-03-15,62.5579,63.2766,61.0864,61.1890,264000,4775000.00,0.00630411,0.002028,3.4222
SH600880,2002-03-18,61.5997,63.9953,61.2233,62.1815,157800,2844000.00,0.00376814,0.001212,3.4222
SH600880,2002-03-19,62.3184,62.9002,61.2575,62.9002,350300,6376000.00,0.00836488,0.002691,3.4222
SH600880,2002-03-20,63.1397,63.2424,61.9419,62.3526,428100,7808000.00,0.01022269,0.003289,3.4222
SH600880,2002-03-21,62.7633,62.7633,60.9153,61.6339,546100,9837000.00,0.01304043,0.004195,3.4222
SH600880,2002-03-22,61.5997,61.5997,60.4362,60.6073,373200,6630000.00,0.00891172,0.002867,3.4222
SH600880,2002-03-25,60.6073,60.6073,58.1775,59.1699,921100,15864000.00,0.02199513,0.007076,3.4222
SH600880,2002-03-26,59.1699,60.9153,58.1775,60.7442,1130500,19544000.00,0.02699544,0.008684,3.4222
SH600880,2002-03-27,60.1624,60.1966,58.6908,59.1699,539400,9332000.00,0.01288044,0.004143,3.4222
SH600880,2002-03-28,58.9304,59.9571,58.7935,59.5122,174800,3037000.00,0.00417408,0.001343,3.4222
SH600880,2002-03-29,59.4779,59.4779,58.5197,58.8962,261500,4501000.00,0.00624441,0.002009,3.4222
SH600880,2002-04-01,58.1775,59.5464,58.1775,59.5122,102500,1765000.00,0.00244762,0.000787,3.4222
SH600880,2002-04-02,59.5806,59.5806,58.5197,59.1015,146000,2511000.00,0.00348636,0.001122,3.4222
SH600880,2002-04-03,59.1357,59.5464,58.5197,58.9646,111300,1915000.00,0.00265775,0.000855,3.4222
SH600880,2002-04-04,59.4437,60.1624,58.5197,59.8886,316600,5514000.00,0.00756015,0.002432,3.4222
SH600880,2002-04-05,60.1624,60.5046,58.8962,60.0255,303500,5280000.00,0.00724734,0.002331,3.4222
SH600880,2002-04-08,57.4931,59.8544,57.4931,59.2042,100100,1731000.00,0.00239031,0.000769,3.4222
SH600880,2002-04-09,58.9646,59.5122,58.5197,59.2384,160700,2778000.00,0.00383739,0.001234,3.4222
SH600880,2002-04-10,59.3753,59.8202,58.8619,59.5806,176100,3053000.00,0.00420513,0.001353,3.4222
SH600880,2002-04-11,59.4779,62.2499,58.8619,60.8810,1003500,17744000.00,0.02396278,0.007709,3.4222
SH600880,2002-04-12,61.1890,61.1890,60.0597,60.3677,171100,3024000.00,0.00408573,0.001314,3.4222
SH600880,2002-04-15,60.2308,60.3677,58.6224,59.6833,121900,2106000.00,0.00291087,0.000936,3.4222
SH600880,2002-04-16,59.4779,59.9228,58.9304,59.6491,68100,1182000.00,0.00162617,0.000523,3.4222
SH600880,2002-04-17,59.2042,59.8886,59.0331,59.8202,68100,1184000.00,0.00162617,0.000523,3.4222
SH600880,2002-04-18,59.2042,59.9571,58.7593,59.4095,366700,6365000.00,0.00875650,0.002817,3.4222
SH600880,2002-04-19,59.4095,61.1890,58.8962,61.1206,818800,14350000.00,0.01955229,0.006290,3.4222
SH600880,2002-04-22,61.1206,61.2575,59.8886,60.4704,235100,4150000.00,0.00561400,0.001806,3.4222
SH600880,2002-04-23,60.4704,60.8810,59.5806,60.7442,155800,2745000.00,0.00372038,0.001197,3.4222
SH600880,2002-04-24,61.0522,61.0522,60.2651,60.7442,108400,1924000.00,0.00258851,0.000833,3.4222
SH600880,2002-04-25,60.7442,61.0522,59.9571,60.7442,77600,1377000.00,0.00185303,0.000596,3.4222
SH600880,2002-04-26,60.8810,61.5997,60.2308,61.2917,199000,3551000.00,0.00475196,0.001529,3.4222
SH600880,2002-04-30,62.2842,63.1397,60.9153,61.5997,415800,7480000.00,0.00992897,0.003194,3.4222
SH600880,2002-05-08,61.6339,62.0788,60.9153,60.9153,155000,2780000.00,0.00370128,0.001191,3.4222
SH600880,2002-05-09,60.8468,60.9153,57.8353,59.8202,439900,7721000.00,0.01050446,0.003379,3.4222
SH600880,2002-05-10,59.8886,60.2308,59.2384,59.5806,214000,3729000.00,0.00511015,0.001644,3.4222
SH600880,2002-05-13,59.5122,60.2308,58.8619,59.8544,191400,3332000.00,0.00457048,0.001470,3.4222
SH600880,2002-05-14,59.2042,60.1966,59.0673,59.8202,131400,2295000.00,0.00313773,0.001009,3.4222
SH600880,2002-05-15,59.3753,59.7517,58.8619,59.5122,171200,2962000.00,0.00408812,0.001315,3.4222
SH600880,2002-05-16,58.6908,58.8619,56.6375,57.5957,376500,6326000.00,0.00899052,0.002892,3.4222
SH600880,2002-05-17,57.4588,58.1775,55.4397,58.1091,143300,2390000.00,0.00342189,0.001101,3.4222
SH600880,2002-05-20,57.0140,57.6299,56.1242,57.1508,80600,1334000.00,0.00192466,0.000619,3.4222
SH600880,2002-05-21,58.5197,59.2042,56.8086,58.8619,210300,3589000.00,0.00502180,0.001615,3.4222
SH600880,2002-05-22,58.8277,58.8277,56.8086,57.3904,53100,893000.00,0.00126799,0.000408,3.4222
SH600880,2002-05-23,57.3904,58.1775,57.3904,58.0406,41500,701000.00,0.00099099,0.000319,3.4222
SH600880,2002-05-24,57.1508,57.2193,55.7820,56.1242,57900,953000.00,0.00138261,0.000445,3.4222
SH600880,2002-05-27,56.2963,57.5015,55.8487,57.2604,31600,517000.00,0.00075458,0.000243,3.4432
SH600880,2002-05-28,56.8128,58.1901,56.4685,57.8113,281900,4709000.00,0.00673155,0.002165,3.4432
SH600880,2002-05-29,57.0194,57.5015,56.1242,56.8128,58700,965000.00,0.00140171,0.000451,3.4432
SH600880,2002-05-30,58.3623,58.6033,55.4355,57.5015,351900,5948000.00,0.00840309,0.002703,3.4432
SH600880,2002-05-31,56.8472,58.0868,56.8472,57.3982,127800,2133000.00,0.00305176,0.000982,3.4432
SH600880,2002-06-03,57.1571,58.1901,56.6407,57.2260,300400,4984000.00,0.00717331,0.002308,3.4432
SH600880,2002-06-04,57.1571,58.3967,56.8128,57.9491,394900,6615000.00,0.00942990,0.003033,3.4432
SH600880,2002-06-05,57.2949,57.9491,56.6407,56.8472,144700,2411000.00,0.00345532,0.001112,3.4432
SH600880,2002-06-06,56.3308,58.5000,55.4700,58.1557,120100,1995000.00,0.00286789,0.000923,3.4432
SH600880,2002-06-07,58.0179,58.3967,57.3982,57.9146,744100,12504000.00,0.01776851,0.005716,3.4432
SH600880,2002-06-10,57.8458,58.1901,56.8472,57.5015,252900,4207000.00,0.00603905,0.001943,3.4432
SH600880,2002-06-11,56.5374,57.8458,56.5374,57.5015,178100,2981000.00,0.00425289,0.001368,3.4432
SH600880,2002-06-12,57.3637,57.3637,56.1242,57.0883,194200,3189000.00,0.00463734,0.001492,3.4432
SH600880,2002-06-13,56.4685,57.0883,56.1242,56.1242,115500,1896000.00,0.00275805,0.000887,3.4432
SH600880,2002-06-14,56.0897,56.4685,55.8487,56.3308,104500,1704000.00,0.00249538,0.000803,3.4432
SH600880,2002-06-17,56.0553,56.4685,55.7799,56.3652,34000,554000.00,0.00081189,0.000261,3.4432
SH600880,2002-06-18,56.1242,57.2949,56.1242,56.8128,34900,575000.00,0.00083338,0.000268,3.4432
SH600880,2002-06-19,57.0883,57.0883,56.3308,56.5718,160400,2634000.00,0.00383022,0.001232,3.4432
SH600880,2002-06-20,56.2275,56.9505,56.2275,56.3652,174800,2873000.00,0.00417408,0.001343,3.4432
SH600880,2002-06-21,56.2275,59.5674,56.1242,58.1212,338800,5728000.00,0.00809027,0.002603,3.4432
SH600880,2002-06-24,63.9058,63.9058,59.0509,62.0465,1511000,26979000.00,0.03608147,0.011607,3.4432
SH600880,2002-06-25,60.3937,61.9088,59.1542,59.2231,529300,9255000.00,0.01263926,0.004066,3.4432
SH600880,2002-06-26,58.5344,59.1542,57.1916,58.1212,511300,8634000.00,0.01220943,0.003928,3.4432
SH600880,2002-06-27,58.8787,59.1886,57.8458,58.0868,176000,2976000.00,0.00420274,0.001352,3.4432
SH600880,2002-06-28,58.3623,59.4297,56.8128,58.5344,340100,5751000.00,0.00812132,0.002613,3.4432
SH600880,2002-07-01,58.1901,58.5344,57.5015,57.5703,89700,1509000.00,0.00214196,0.000689,3.4432
SH600880,2002-07-02,57.6048,57.7425,56.9161,57.2604,107300,1784000.00,0.00256224,0.000824,3.4432
SH600880,2002-07-03,57.5015,57.8458,57.1916,57.8113,361100,6038000.00,0.00862278,0.002774,3.4432
SH600880,2002-07-04,57.7769,58.0868,57.5015,57.8113,148200,2487000.00,0.00353890,0.001138,3.4432
SH600880,2002-07-05,57.7425,59.3608,57.7425,59.2231,493300,8388000.00,0.01177961,0.003789,3.4432
SH600880,2002-07-08,59.5674,59.7395,58.8787,59.2231,265100,4553000.00,0.00633038,0.002036,3.4432
SH600880,2002-07-09,59.7051,59.7051,58.3623,58.6033,203900,3486000.00,0.00486897,0.001566,3.4432
SH600880,2002-07-10,58.1212,58.8787,58.0524,58.3278,86900,1469000.00,0.00207510,0.000668,3.4432
SH600880,2002-07-11,58.1212,58.3623,57.3293,57.8802,110600,1860000.00,0.00264104,0.000850,3.4432
SH600880,2002-07-12,57.8458,57.8458,56.8128,56.9850,166300,2773000.00,0.00397111,0.001277,3.4432
SH600880,2002-07-15,56.9850,58.2590,56.8128,58.1901,295900,4939000.00,0.00706586,0.002273,3.4432
SH600880,2002-07-16,58.4656,59.1542,57.8458,58.6033,465100,7915000.00,0.01110622,0.003573,3.4432
SH600880,2002-07-17,58.5344,59.4641,58.0179,59.2575,618000,10559000.00,0.01475735,0.004747,3.4432
SH600880,2002-07-18,59.5674,59.9117,59.0509,59.4297,751900,12990000.00,0.01795477,0.005776,3.4432
SH600880,2002-07-19,59.4297,61.4611,58.7066,60.6348,1071900,18739000.00,0.02559611,0.008234,3.4432
SH600880,2002-07-22,60.9791,60.9791,59.2231,59.2231,324700,5658000.00,0.00775358,0.002494,3.4432
SH600880,2002-07-23,60.6003,60.7725,59.2231,59.4985,408200,7103000.00,0.00974749,0.003136,3.4432
SH600880,2002-07-24,59.5674,59.9117,58.8787,59.0509,173100,2990000.00,0.00413349,0.001330,3.4432
SH600880,2002-07-25,59.0509,59.1886,58.0179,58.2245,161700,2744000.00,0.00386127,0.001242,3.4432
SH600880,2002-07-26,58.2245,58.8099,57.8458,58.6721,139900,2364000.00,0.00334070,0.001075,3.4432
SH600880,2002-07-29,58.6377,58.8787,57.8458,58.8099,39800,674000.00,0.00095039,0.000306,3.4432
SH600880,2002-07-30,59.1886,59.1886,57.5703,58.4311,207000,3502000.00,0.00494299,0.001590,3.4432
SH600880,2002-07-31,58.1901,58.5344,57.2949,57.6736,179500,3012000.00,0.00428632,0.001379,3.4432
SH600880,2002-08-01,57.6736,59.2231,57.3293,58.6721,200300,3365000.00,0.00478300,0.001539,3.4432
SH600880,2002-08-02,58.3967,62.6663,57.8458,61.7710,1048200,18496000.00,0.02503018,0.008052,3.4432
SH600880,2002-08-05,61.9776,62.4252,60.5659,61.1857,1225700,21896000.00,0.02926874,0.009415,3.4432
SH600880,2002-08-06,61.9776,66.4538,61.2201,61.5644,2328000,42667000.00,0.05559078,0.017883,3.4432
SH600880,2002-08-07,61.5644,61.5644,59.8428,60.0839,637500,11174000.00,0.01522299,0.004897,3.4432
SH600880,2002-08-08,60.5315,60.9102,59.6018,60.1527,396600,6953000.00,0.00947049,0.003047,3.4432
SH600880,2002-08-09,60.2560,60.6003,58.9820,59.2231,403800,7032000.00,0.00964242,0.003102,3.4432
SH600880,2002-08-13,58.7066,59.3952,58.5344,59.0165,95900,1641000.00,0.00229002,0.000737,3.4432
SH600880,2002-08-14,59.0509,59.9461,59.0509,59.4641,337600,5807000.00,0.00806162,0.002593,3.4432
SH600880,2002-08-15,59.8428,59.8428,58.9476,59.2231,161500,2779000.00,0.00385649,0.001241,3.4432
SH600880,2002-08-16,59.2575,59.2575,58.0524,58.9132,354900,6048000.00,0.00847473,0.002726,3.4432
SH600880,2002-08-19,58.2245,58.8787,58.2245,58.4656,147500,2508000.00,0.00352218,0.001133,3.4432
SH600880,2002-08-20,58.2245,59.7395,58.2245,59.6018,384900,6609000.00,0.00919110,0.002957,3.4432
SH600880,2002-08-21,59.7395,59.8084,58.6033,58.8787,231600,3982000.00,0.00553042,0.001779,3.4432
SH600880,2002-08-22,58.8099,60.8758,58.8099,59.7051,486000,8398000.00,0.01160529,0.003733,3.4432
SH600880,2002-08-23,59.2231,59.7395,58.5689,58.8099,211100,3611000.00,0.00504090,0.001622,3.4432
SH600880,2002-08-26,59.1198,60.2216,58.5689,60.1183,227700,3931000.00,0.00543729,0.001749,3.4432
SH600880,2002-08-27,60.6003,61.9776,59.8428,61.1168,1021200,18138000.00,0.02438544,0.007845,3.4432
SH600880,2002-08-28,60.9447,61.2201,59.5674,59.6018,279000,4886000.00,0.00666230,0.002143,3.4432
SH600880,2002-08-29,59.6362,59.7395,59.0509,59.4641,248700,4287000.00,0.00593876,0.001910,3.4432
SH600880,2002-08-30,59.2231,60.2216,59.0509,60.1872,142800,2482000.00,0.00340995,0.001097,3.4432
SH600880,2002-09-02,60.0150,60.3249,59.2919,59.9806,258100,4474000.00,0.00616322,0.001983,3.4432
SH600880,2002-09-03,59.9461,60.8758,59.9461,60.4282,437700,7682000.00,0.01045193,0.003362,3.4432
SH600880,2002-09-04,60.5659,61.5989,60.0150,60.2905,474400,8409000.00,0.01132829,0.003644,3.4432
SH600880,2002-09-05,60.5315,60.5315,59.0509,59.1886,211500,3654000.00,0.00505045,0.001625,3.4432
SH600880,2002-09-06,59.1542,59.7740,58.8443,59.1542,107800,1852000.00,0.00257418,0.000828,3.4432
SH600880,2002-09-09,58.8099,59.0165,57.8458,58.0868,273900,4623000.00,0.00654051,0.002104,3.4432
SH600880,2002-09-10,58.0179,58.5000,57.7769,57.8802,169900,2863000.00,0.00405708,0.001305,3.4432
SH600880,2002-09-11,57.8113,57.8802,56.1242,57.0538,284600,4714000.00,0.00679602,0.002186,3.4432
SH600880,2002-09-12,57.1571,57.3637,56.3996,57.1571,96500,1594000.00,0.00230434,0.000741,3.4432
SH600880,2002-09-13,56.8472,57.3293,56.8128,57.0538,28600,474000.00,0.00068295,0.000220,3.4432
SH600880,2002-09-16,57.0538,57.0538,56.0553,56.0553,105600,1725000.00,0.00252164,0.000811,3.4432
SH600880,2002-09-17,55.9864,56.4685,55.2634,56.3996,94100,1526000.00,0.00224703,0.000723,3.4432
SH600880,2002-09-18,55.9864,57.0194,55.9864,56.3996,26100,427000.00,0.00062325,0.000200,3.4432
SH600880,2002-09-19,56.1242,57.3637,55.6077,57.1227,127600,2104000.00,0.00304699,0.000980,3.4432
SH600880,2002-09-20,56.8128,56.8128,55.7799,56.7095,31300,515000.00,0.00074742,0.000240,3.4432
SH600880,2002-09-23,54.6092,56.8128,54.6092,55.7110,39800,646000.00,0.00095039,0.000306,3.4432
SH600880,2002-09-24,55.7454,55.9176,54.6780,55.2634,153100,2453000.00,0.00365591,0.001176,3.4432
SH600880,2002-09-25,54.7813,55.6077,52.7498,53.5762,303100,4772000.00,0.00723779,0.002328,3.4432
SH600880,2002-09-26,53.0253,54.2304,52.8531,53.7484,158700,2473000.00,0.00378963,0.001219,3.4432
SH600880,2002-09-27,53.7828,53.8517,53.0253,53.4040,130700,2029000.00,0.00312101,0.001004,3.4432
SH600880,2002-10-08,53.3007,53.3007,51.9923,52.4055,42800,652000.00,0.00102203,0.000329,3.4432
SH600880,2002-10-09,52.5088,52.9564,51.6824,52.4399,58000,880000.00,0.00138499,0.000446,3.4432
SH600880,2002-10-10,52.6810,52.7843,51.9235,52.6810,296200,4523000.00,0.00707302,0.002275,3.4432
SH600880,2002-10-11,53.1630,53.3696,52.0612,52.9564,28200,433000.00,0.00067339,0.000217,3.4432
SH600880,2002-10-14,52.9220,52.9220,52.3022,52.8876,39500,602000.00,0.00094323,0.000303,3.4432
SH600880,2002-10-15,52.9564,53.2319,52.6121,52.7154,12500,192000.00,0.00029849,0.000096,3.4432
SH600880,2002-10-16,52.9909,53.5418,52.6465,53.1975,106600,1646000.00,0.00254552,0.000819,3.4432
SH600880,2002-10-17,53.1975,53.3352,50.5462,51.5791,181000,2705000.00,0.00432214,0.001390,3.4432
SH600880,2002-10-18,51.4414,51.6480,50.3396,51.2004,117600,1740000.00,0.00280819,0.000903,3.4432
SH600880,2002-10-21,51.5791,52.3022,50.7872,51.5791,55500,828000.00,0.00132530,0.000426,3.4432
SH600880,2002-10-22,51.2348,52.3022,51.2348,52.1645,104700,1578000.00,0.00250015,0.000804,3.4432
SH600880,2002-10-23,51.8202,52.6465,51.6136,52.1301,68900,1037000.00,0.00164528,0.000529,3.4432
SH600880,2002-10-24,51.6480,52.2678,51.4414,51.8546,49200,740000.00,0.00117486,0.000378,3.4432
SH600880,2002-10-25,51.8546,52.2678,51.1660,51.6136,59900,896000.00,0.00143036,0.000460,3.4432
SH600880,2002-10-28,51.6480,51.6480,49.7887,50.6150,81800,1199000.00,0.00195332,0.000628,3.4432
SH600880,2002-10-29,49.9953,50.8905,49.9953,50.8561,83600,1228000.00,0.00199630,0.000642,3.4432
SH600880,2002-10-30,50.7872,51.4414,49.9953,50.5118,38000,556000.00,0.00090741,0.000292,3.4432
SH600880,2002-10-31,50.5806,51.5791,50.4429,50.8561,48400,716000.00,0.00115575,0.000372,3.4432
SH600880,2002-11-01,50.5462,51.4414,50.5462,51.2348,32200,479000.00,0.00076891,0.000247,3.4432
SH600880,2002-11-04,51.5791,52.6465,50.8216,52.3711,91900,1382000.00,0.00219450,0.000706,3.4432
SH600880,2002-11-05,52.9220,52.9220,51.7169,52.6465,104900,1600000.00,0.00250493,0.000806,3.4432
SH600880,2002-11-06,52.2678,53.3352,51.9923,52.7843,103300,1586000.00,0.00246672,0.000794,3.4432
SH600880,2002-11-07,52.6810,53.3352,52.3367,52.8187,127500,1962000.00,0.00304460,0.000979,3.4432
SH600880,2002-11-08,53.1975,53.3007,51.4758,52.1645,115100,1739000.00,0.00274850,0.000884,3.4432
SH600880,2002-11-11,51.0282,52.1989,51.0282,51.6480,30000,451000.00,0.00071638,0.000230,3.4432
SH600880,2002-11-12,51.6480,52.3022,50.4429,51.4414,102100,1524000.00,0.00243807,0.000784,3.4432
SH600880,2002-11-13,51.2004,51.9923,50.0297,51.5791,100400,1493000.00,0.00239747,0.000771,3.4432
SH600880,2002-11-14,51.4758,52.0956,50.6150,51.5791,43100,644000.00,0.00102919,0.000331,3.4432
SH600880,2002-11-15,51.5103,51.9235,50.6839,51.6480,54700,817000.00,0.00130619,0.000420,3.4432
SH600880,2002-11-18,51.6480,52.5088,51.6480,52.2334,165400,2503000.00,0.00394962,0.001271,3.4432
SH600880,2002-11-19,52.3367,52.6121,51.9235,52.3711,97900,1486000.00,0.00233777,0.000752,3.4432
SH600880,2002-11-20,52.3367,52.3367,50.6150,51.6136,168400,2518000.00,0.00402126,0.001294,3.4432
SH600880,2002-11-21,51.4758,51.5791,50.1330,50.8561,155200,2291000.00,0.00370605,0.001192,3.4432
SH600880,2002-11-22,50.8561,51.2348,49.2722,50.6150,190900,2802000.00,0.00455854,0.001466,3.4432
SH600880,2002-11-25,50.5806,50.8216,49.8231,50.6495,89000,1299000.00,0.00212525,0.000684,3.4432
SH600880,2002-11-26,50.0986,51.0971,49.2378,50.1674,43600,634000.00,0.00104113,0.000335,3.4432
SH600880,2002-11-27,49.9264,50.4773,49.2378,50.1674,132800,1936000.00,0.00317116,0.001020,3.4432
SH600880,2002-11-28,50.7872,51.3037,49.6165,51.1660,126500,1850000.00,0.00302072,0.000972,3.4432
SH600880,2002-11-29,51.6480,52.3367,50.9594,51.3037,271900,4090000.00,0.00649275,0.002089,3.4432
SH600880,2002-12-02,50.9594,50.9594,49.6165,50.2363,58300,847000.00,0.00139216,0.000448,3.4432
SH600880,2002-12-03,49.9264,50.4773,49.4099,49.6510,48100,695000.00,0.00114859,0.000369,3.4432
SH600880,2002-12-04,49.6510,50.2363,49.2378,49.4099,115900,1670000.00,0.00276760,0.000890,3.4432
SH600880,2002-12-05,48.9279,49.6165,48.4114,49.1345,112200,1596000.00,0.00267925,0.000862,3.4432
SH600880,2002-12-06,49.0656,50.0641,48.5836,49.7198,368300,5315000.00,0.00879471,0.002829,3.4432
SH600880,2002-12-09,49.6510,49.7542,49.1345,49.5132,42600,612000.00,0.00101725,0.000327,3.4432
SH600880,2002-12-10,49.5821,50.2019,49.5132,49.8920,562400,8135000.00,0.01342966,0.004320,3.4432
SH600880,2002-12-11,49.7542,50.0641,49.4099,49.7198,381500,5516000.00,0.00910991,0.002931,3.4432
SH600880,2002-12-12,49.4099,49.9953,47.5162,48.3770,242800,3426000.00,0.00579787,0.001865,3.4432
SH600880,2002-12-13,47.6883,49.1000,46.8275,48.8246,210600,2971000.00,0.00502896,0.001618,3.4432
SH600880,2002-12-16,48.8934,49.8231,48.8246,49.1345,69900,997000.00,0.00166916,0.000537,3.4432
SH600880,2002-12-17,49.0656,49.4444,48.9279,49.1345,70600,1008000.00,0.00168587,0.000542,3.4432
SH600880,2002-12-18,49.0656,49.4099,48.7213,49.0656,112200,1598000.00,0.00267925,0.000862,3.4432
SH600880,2002-12-19,49.2033,49.2378,48.6524,48.9279,52100,739000.00,0.00124411,0.000400,3.4432
SH600880,2002-12-20,48.9279,49.1689,48.2048,49.0312,211900,2998000.00,0.00506000,0.001628,3.4432
SH600880,2002-12-23,49.0312,50.5462,49.0312,50.0986,292700,4243000.00,0.00698944,0.002248,3.4432
SH600880,2002-12-24,50.3052,50.6839,49.6854,50.2019,90700,1326000.00,0.00216584,0.000697,3.4432
SH600880,2002-12-25,50.2019,50.2707,48.2737,48.7557,221200,3173000.00,0.00528208,0.001699,3.4432
SH600880,2002-12-26,48.7557,49.4788,47.5162,48.6524,331200,4687000.00,0.00790879,0.002544,3.4432
SH600880,2002-12-27,48.7213,49.0312,48.3081,48.5147,209500,2959000.00,0.00500269,0.001609,3.4432
SH600880,2002-12-30,48.5147,48.8246,48.2048,48.4803,143800,2024000.00,0.00343383,0.001105,3.4432
SH600880,2002-12-31,48.5147,49.0312,48.2048,48.4114,156100,2196000.00,0.00372754,0.001199,3.4432
SH600880,2003-01-02,48.4803,48.4803,48.2048,48.2737,235100,3303000.00,0.00561400,0.001806,3.4432
SH600880,2003-01-03,48.2392,48.8934,48.2392,48.5491,83400,1176000.00,0.00199153,0.000641,3.4432
SH600880,2003-01-06,48.5491,49.8231,48.5491,49.3755,52900,755000.00,0.00126321,0.000406,3.4432
SH600880,2003-01-07,49.3755,49.9264,49.0656,49.3066,52600,757000.00,0.00125605,0.000404,3.4432
SH600880,2003-01-08,49.3755,49.9264,48.8934,49.7887,201300,2889000.00,0.00480688,0.001546,3.4432
SH600880,2003-01-09,49.7887,50.2707,49.0656,50.0986,368700,5318000.00,0.00880426,0.002832,3.4432
SH600880,2003-01-10,49.8575,50.5118,49.0656,49.6510,343600,4955000.00,0.00820489,0.002639,3.4432
SH600880,2003-01-13,50.0986,52.4744,50.0986,51.2348,1365300,20396000.00,0.03260227,0.010488,3.4432
SH600880,2003-01-14,51.4758,53.3007,50.9938,52.2678,1143300,17286000.00,0.02730109,0.008782,3.4432
SH600880,2003-01-15,52.1645,53.4729,51.1660,51.4414,914400,13824000.00,0.02183514,0.007024,3.4432
SH600880,2003-01-16,52.1989,52.9564,50.5118,51.5447,946800,14123000.00,0.02260883,0.007273,3.4432
SH600880,2003-01-17,51.6824,51.9235,50.6839,50.9249,626100,9293000.00,0.01495077,0.004809,3.4432
SH600880,2003-01-20,50.9594,55.9520,50.6150,54.6780,2285900,35652000.00,0.05458546,0.017560,3.4432
SH600880,2003-01-21,54.1615,54.8158,52.8876,53.0942,908200,14108000.00,0.02168709,0.006976,3.4432
SH600880,2003-01-22,52.4055,53.1975,52.1989,52.6810,435900,6653000.00,0.01040894,0.003348,3.4432
SH600880,2003-01-23,52.4055,53.7139,51.4758,51.6824,456700,6939000.00,0.01090563,0.003508,3.4432
SH600880,2003-01-24,51.6824,52.1301,51.0282,51.9235,204800,3073000.00,0.00489046,0.001573,3.4432
SH600880,2003-01-27,51.9235,52.6810,51.6480,52.1989,250400,3795000.00,0.00597935,0.001923,3.4432
SH600880,2003-01-28,51.9923,52.9564,51.7169,52.1989,202400,3059000.00,0.00483315,0.001555,3.4432
SH600880,2003-01-29,52.3367,52.5088,51.9923,52.0956,223200,3385000.00,0.00532984,0.001715,3.4432
SH600880,2003-02-10,52.0956,52.0956,50.8216,51.3726,162800,2422000.00,0.00388753,0.001251,3.4432
SH600880,2003-02-11,50.6150,51.5103,50.6150,51.4758,103800,1541000.00,0.00247866,0.000797,3.4432
SH600880,2003-02-12,51.4758,52.3022,50.8905,52.1989,109800,1640000.00,0.00262194,0.000843,3.4432
SH600880,2003-02-13,52.1645,52.3367,51.6824,51.7169,180700,2725000.00,0.00431497,0.001388,3.4432
SH600880,2003-02-14,51.6824,51.6824,51.0282,51.3726,168000,2498000.00,0.00401171,0.001291,3.4432
SH600880,2003-02-17,51.4758,51.6136,50.8216,51.0627,136000,2020000.00,0.00324757,0.001045,3.4432
SH600880,2003-02-18,50.8905,51.3726,50.6150,50.6839,117600,1736000.00,0.00280819,0.000903,3.4432
SH600880,2003-02-19,50.6839,51.1315,50.5462,50.9594,261100,3846000.00,0.00623486,0.002006,3.4432
SH600880,2003-02-20,51.0627,51.0627,50.5462,50.7528,178100,2623000.00,0.00425289,0.001368,3.4432
SH600880,2003-02-21,50.6150,51.2348,50.0641,50.1330,155400,2282000.00,0.00371083,0.001194,3.4432
SH600880,2003-02-24,48.5491,50.5118,48.3081,50.2019,135000,1961000.00,0.00322369,0.001037,3.4432
SH600880,2003-02-25,50.2707,50.9249,50.0986,50.5462,180800,2645000.00,0.00431736,0.001389,3.4432
SH600880,2003-02-26,50.5462,50.7872,49.5821,50.6839,115200,1687000.00,0.00275088,0.000885,3.4432
SH600880,2003-02-27,50.6839,50.9249,50.3052,50.6495,122900,1808000.00,0.00293475,0.000944,3.4432
SH600880,2003-02-28,50.3052,50.5806,49.9608,50.2707,90300,1315000.00,0.00215629,0.000694,3.4432
SH600880,2003-03-03,50.1330,50.2019,49.4099,49.7198,252300,3640000.00,0.00602472,0.001938,3.4432
SH600880,2003-03-04,49.9264,50.0986,49.3411,49.7887,205400,2956000.00,0.00490479,0.001578,3.4432
SH600880,2003-03-05,49.7887,50.1330,48.8934,49.9264,88000,1267000.00,0.00210137,0.000676,3.4432
SH600880,2003-03-06,49.4444,49.9264,48.9623,49.4788,64800,927000.00,0.00154737,0.000498,3.4432
SH600880,2003-03-07,49.5821,49.5821,48.9967,49.3411,81600,1168000.00,0.00194854,0.000627,3.4432
SH600880,2003-03-10,48.9279,49.7198,48.4458,48.8246,114300,1620000.00,0.00272939,0.000878,3.4432
SH600880,2003-03-11,48.7557,49.1689,48.4803,48.7902,79100,1119000.00,0.00188884,0.000608,3.4432
SH600880,2003-03-12,48.8246,48.9623,48.2048,48.3770,115000,1615000.00,0.00274611,0.000883,3.4432
SH600880,2003-03-13,48.2737,48.6524,48.1359,48.3425,104000,1457000.00,0.00248344,0.000799,3.4432
SH600880,2003-03-14,48.3081,48.5147,47.6883,48.3425,100200,1405000.00,0.00239270,0.000770,3.4432
SH600880,2003-03-17,48.8934,48.8934,48.2048,48.6524,88900,1250000.00,0.00212286,0.000683,3.4432
SH600880,2003-03-18,48.2392,48.9623,48.2048,48.6524,114300,1610000.00,0.00272939,0.000878,3.4432
SH600880,2003-03-19,47.8605,48.7213,47.8605,48.1704,185000,2591000.00,0.00441765,0.001421,3.4432
SH600880,2003-03-20,48.1359,48.6180,48.0326,48.2392,138900,1946000.00,0.00331682,0.001067,3.4432
SH600880,2003-03-21,48.1359,48.9623,48.0326,48.8246,98100,1386000.00,0.00234255,0.000754,3.4432
SH600880,2003-03-24,49.1345,49.1345,48.5491,48.8934,78500,1112000.00,0.00187452,0.000603,3.4432
SH600880,2003-03-25,48.9623,48.9623,48.2737,48.6180,42300,596000.00,0.00101009,0.000325,3.4432
SH600880,2003-03-26,47.9293,48.7213,47.9293,48.2392,51500,723000.00,0.00122978,0.000396,3.4432
SH600880,2003-03-27,48.2392,49.0656,47.8605,48.8246,278300,3932000.00,0.00664558,0.002138,3.4432
SH600880,2003-03-28,49.0656,50.3052,48.5491,49.7198,1466000,20993000.00,0.03500691,0.011261,3.4432
SH600880,2003-03-31,49.7198,49.9264,49.1689,49.6165,691900,9953000.00,0.01652202,0.005315,3.4432
SH600880,2003-04-01,49.5132,50.1330,49.5132,49.8920,656900,9504000.00,0.01568625,0.005046,3.4432
SH600880,2003-04-02,49.9264,49.9264,48.6180,48.9279,480700,6837000.00,0.01147873,0.003693,3.4432
SH600880,2003-04-03,49.5821,49.7542,48.3081,48.7902,269900,3809000.00,0.00644500,0.002073,3.4432
SH600880,2003-04-04,48.6524,48.8246,48.1359,48.1704,306100,4289000.00,0.00730942,0.002351,3.4432
SH600880,2003-04-07,48.2048,48.6524,47.7916,48.2048,332100,4642000.00,0.00793028,0.002551,3.4432
SH600880,2003-04-08,48.2048,48.4114,47.8605,48.1015,379500,5301000.00,0.00906216,0.002915,3.4432
SH600880,2003-04-09,48.1359,48.3081,47.5162,48.0326,308400,4292000.00,0.00736435,0.002369,3.4432
SH600880,2003-04-10,48.1015,48.1704,46.8275,47.7916,642600,8812000.00,0.01534477,0.004936,3.4432
SH600880,2003-04-11,47.5162,47.7572,46.8275,47.5850,746200,10192000.00,0.01781866,0.005732,3.4432
SH600880,2003-04-14,47.3440,48.7213,47.3440,48.4458,903800,12580000.00,0.02158202,0.006943,3.4432
SH600880,2003-04-15,48.7213,49.4788,48.1015,48.7902,888200,12513000.00,0.02120951,0.006823,3.4432
SH600880,2003-04-17,48.5491,48.8246,47.6195,48.1704,429100,6003000.00,0.01024656,0.003296,3.4432
SH600880,2003-04-18,48.8246,48.8246,46.9308,47.6883,458400,6304000.00,0.01094623,0.003521,3.4432
SH600880,2003-04-21,47.5162,47.8605,46.4488,47.6195,502300,6846000.00,0.01199452,0.003859,3.4432
SH600880,2003-04-22,47.5162,47.5506,46.7587,47.4817,232200,3176000.00,0.00554475,0.001784,3.4432
SH600880,2003-04-23,46.8620,47.3440,46.1045,47.0685,391500,5294000.00,0.00934871,0.003007,3.4432
SH600880,2003-04-24,47.1030,47.8261,46.1733,47.1030,566400,7752000.00,0.01352518,0.004351,3.4432
SH600880,2003-04-25,46.6554,47.3440,46.6554,47.1718,536700,7335000.00,0.01281597,0.004123,3.4432
SH600880,2003-04-28,47.1374,47.3784,45.4502,47.1374,540900,7360000.00,0.01291626,0.004155,3.4432
SH600880,2003-04-29,46.8964,47.2407,45.4502,47.1374,688100,9349000.00,0.01643128,0.005286,3.4432
SH600880,2003-04-30,46.8275,47.1374,46.6554,47.1030,440500,6015000.00,0.01051879,0.003384,3.4432
SH600880,2003-05-12,46.8275,47.1718,46.6554,47.1718,360600,4929000.00,0.00861084,0.002770,3.4432
SH600880,2003-05-13,47.1718,47.1718,46.1389,46.7931,581400,7887000.00,0.01388337,0.004466,3.4432
SH600880,2003-05-14,46.4832,47.1718,46.4832,47.1030,301300,4118000.00,0.00719480,0.002314,3.4432
SH600880,2003-05-15,47.1724,48.1436,46.8255,47.4499,933600,12797000.00,0.02229362,0.007172,3.4685
SH600880,2003-05-16,48.1436,48.1436,46.7561,47.0336,249800,3384000.00,0.00596502,0.001919,3.4685
SH600880,2003-05-19,46.8255,47.4845,46.8255,47.3458,308500,4191000.00,0.00736673,0.002370,3.4685
SH600880,2003-05-20,46.8602,47.7620,46.8602,47.2417,241000,3298000.00,0.00575489,0.001851,3.4685
SH600880,2003-05-21,46.8949,48.3864,46.8949,47.5886,322000,4453000.00,0.00768910,0.002474,3.4685
SH600880,2003-05-22,47.6233,49.2188,47.6233,48.8720,1152500,16205000.00,0.02752078,0.008853,3.4685
SH600880,2003-05-23,48.9066,49.0801,48.3864,48.6292,578800,8127000.00,0.01382128,0.004446,3.4685
SH600880,2003-05-26,49.0801,49.0801,48.2823,48.4904,408300,5721000.00,0.00974988,0.003136,3.4685
SH600880,2003-05-27,48.5598,48.7679,48.3864,48.4557,679700,9515000.00,0.01623069,0.005221,3.4685
SH600880,2003-05-28,48.6292,49.1494,47.9354,48.0742,612900,8569000.00,0.01463556,0.004708,3.4685
SH600880,2003-05-29,48.0742,49.9125,48.0742,48.8026,890800,12566000.00,0.02127159,0.006843,3.4685
SH600880,2003-05-30,48.9413,50.5716,48.8373,50.4675,768700,11002000.00,0.01835594,0.005905,3.4685
SH600880,2003-06-02,50.4675,50.4675,49.1841,49.2535,276000,3938000.00,0.00659066,0.002120,3.4685
SH600880,2003-06-03,49.2535,49.6004,48.5945,48.7679,304700,4298000.00,0.00727599,0.002341,3.4685
SH600880,2003-06-04,49.2535,49.3229,48.5598,48.8720,219500,3096000.00,0.00524148,0.001686,3.4685
SH600880,2003-06-05,48.6638,49.5310,47.8661,48.2823,352100,4978000.00,0.00840787,0.002705,3.4685
SH600880,2003-06-06,48.2823,49.6697,48.1782,49.2188,541200,7667000.00,0.01292342,0.004157,3.4685
SH600880,2003-06-09,49.2535,50.0166,49.0801,49.0801,608700,8710000.00,0.01453527,0.004676,3.4685
SH600880,2003-06-10,48.5598,49.5310,48.3517,48.8026,523500,7411000.00,0.01250076,0.004021,3.4685
SH600880,2003-06-11,48.5945,49.4616,48.0048,49.4616,204000,2881000.00,0.00487136,0.001567,3.4685
SH600880,2003-06-12,49.5310,49.7044,49.1148,49.4269,222800,3170000.00,0.00532029,0.001711,3.4685
SH600880,2003-06-13,49.5310,49.7391,49.0107,49.3229,71000,1009000.00,0.00169542,0.000545,3.4685
SH600880,2003-06-16,49.3229,49.6004,48.8026,48.9066,31200,440000.00,0.00074503,0.000240,3.4685
SH600880,2003-06-17,49.2535,49.5310,48.6638,48.8373,100300,1422000.00,0.00239508,0.000770,3.4685
SH600880,2003-06-18,49.2535,49.2535,48.4904,48.5598,157900,2215000.00,0.00377053,0.001213,3.4685
SH600880,2003-06-19,48.9066,49.1841,48.1436,48.1436,166400,2320000.00,0.00397350,0.001278,3.4685
SH600880,2003-06-20,48.5598,48.6292,48.1089,48.1089,104700,1461000.00,0.00250015,0.000804,3.4685
SH600880,2003-06-23,48.5598,48.5598,47.5192,48.2129,112000,1557000.00,0.00267447,0.000860,3.4685
SH600880,2003-06-24,48.5251,48.7332,46.8602,48.2823,177800,2456000.00,0.00424572,0.001366,3.4685
SH600880,2003-06-25,48.4904,48.4904,47.4845,47.8314,118200,1626000.00,0.00282252,0.000908,3.4685
SH600880,2003-06-26,47.8314,48.9066,47.3805,48.3517,145300,2026000.00,0.00346965,0.001116,3.4685
SH600880,2003-06-27,48.5598,48.5598,47.6927,48.0395,90100,1245000.00,0.00215152,0.000692,3.4685
SH600880,2003-06-30,48.0395,48.0395,47.6927,47.8314,129700,1790000.00,0.00309713,0.000996,3.4685
SH600880,2003-07-01,47.6927,48.5598,47.6927,47.7273,120900,1679000.00,0.00288700,0.000929,3.4685
SH600880,2003-07-02,47.6927,48.2823,47.6927,48.2129,62200,859000.00,0.00148529,0.000478,3.4685
SH600880,2003-07-03,48.0395,48.2823,47.3458,47.7967,154700,2126000.00,0.00369411,0.001188,3.4685
SH600880,2003-07-04,47.7967,48.0048,47.3458,47.3458,189500,2598000.00,0.00452511,0.001456,3.4685
SH600880,2003-07-07,47.8314,48.3864,47.3458,48.1782,73500,1015000.00,0.00175512,0.000565,3.4685
SH600880,2003-07-08,48.1782,48.9066,48.1436,48.4557,128200,1792000.00,0.00306131,0.000985,3.4685
SH600880,2003-07-09,48.4557,48.7332,48.0395,48.3517,97700,1371000.00,0.00233300,0.000751,3.4685
SH600880,2003-07-10,48.4557,48.7332,48.0742,48.4557,59900,837000.00,0.00143036,0.000460,3.4685
SH600880,2003-07-11,48.2129,48.4557,47.8661,48.3517,134400,1862000.00,0.00320936,0.001032,3.4685
SH600880,2003-07-14,48.5251,48.5251,47.9701,48.2476,35600,495000.00,0.00085010,0.000273,3.4685
SH600880,2003-07-15,48.1782,48.3864,47.5192,47.6927,149400,2057000.00,0.00356755,0.001148,3.4685
SH600880,2003-07-16,47.5886,48.1436,47.3458,47.7967,68400,942000.00,0.00163334,0.000525,3.4685
SH600880,2003-07-17,47.7967,48.0395,47.5886,47.9354,160600,2217000.00,0.00383500,0.001234,3.4685
SH600880,2003-07-18,48.2129,48.2823,47.3458,47.5886,85300,1172000.00,0.00203690,0.000655,3.4685
SH600880,2003-07-21,47.6233,47.9354,46.9989,47.4499,63500,866000.00,0.00151633,0.000488,3.4685
SH600880,2003-07-22,47.2071,47.7967,46.9989,47.4845,53300,727000.00,0.00127276,0.000409,3.4685
SH600880,2003-07-23,47.4845,47.7967,47.3458,47.5192,39600,542000.00,0.00094562,0.000304,3.4685
SH600880,2003-07-24,47.5192,47.6927,47.1724,47.5886,59300,812000.00,0.00141604,0.000456,3.4685
SH600880,2003-07-25,47.5192,48.0395,46.8255,47.4499,35100,479000.00,0.00083816,0.000270,3.4685
SH600880,2003-07-28,47.4152,47.4152,45.9237,46.9989,47900,644000.00,0.00114381,0.000368,3.4685
SH600880,2003-07-29,46.7561,46.9989,46.2012,46.7908,75900,1019000.00,0.00181243,0.000583,3.4685
SH600880,2003-07-30,46.8255,46.9643,46.1318,46.4787,59500,799000.00,0.00142081,0.000457,3.4685
SH600880,2003-07-31,46.8255,47.1724,46.5827,46.8949,358100,4842000.00,0.00855114,0.002751,3.4685
SH600880,2003-08-01,46.9989,47.1724,46.4440,46.7561,139200,1885000.00,0.00332398,0.001069,3.4685
SH600880,2003-08-04,46.8602,47.1724,46.4787,46.7561,288300,3898000.00,0.00688437,0.002215,3.4685
SH600880,2003-08-05,47.1030,47.1030,46.0624,46.4787,84600,1131000.00,0.00202018,0.000650,3.4685
SH600880,2003-08-06,47.1724,47.1724,46.1318,46.4787,72600,973000.00,0.00173363,0.000558,3.4685
SH600880,2003-08-07,46.4787,46.7561,46.1318,46.4787,94700,1266000.00,0.00226136,0.000727,3.4685
SH600880,2003-08-08,46.4787,46.6174,45.7849,46.3399,60800,809000.00,0.00145186,0.000467,3.4685
SH600880,2003-08-11,46.3399,46.4787,45.7849,46.0277,104200,1383000.00,0.00248821,0.000800,3.4685
SH600880,2003-08-12,46.0971,46.2705,45.9584,46.1318,97400,1294000.00,0.00232583,0.000748,3.4685
SH600880,2003-08-13,46.1665,46.4787,46.0277,46.1318,63500,847000.00,0.00151633,0.000488,3.4685
SH600880,2003-08-14,46.1318,46.6521,45.9584,46.3052,78700,1048000.00,0.00187929,0.000605,3.4685
SH600880,2003-08-15,46.4440,46.4440,46.0277,46.1665,50200,668000.00,0.00119874,0.000386,3.4685
SH600880,2003-08-18,45.9584,46.4093,45.6115,45.7849,168700,2230000.00,0.00402842,0.001296,3.4685
SH600880,2003-08-19,45.7849,45.9931,45.7156,45.7156,169100,2234000.00,0.00403797,0.001299,3.4685
SH600880,2003-08-20,45.7503,45.8196,45.2993,45.7156,557800,7324000.00,0.01331982,0.004285,3.4685
SH600880,2003-08-21,45.6462,45.9237,45.4381,45.7503,195100,2565000.00,0.00465883,0.001499,3.4685
SH600880,2003-08-22,45.6115,46.0277,45.2993,45.7156,219300,2882000.00,0.00523671,0.001685,3.4685
SH600880,2003-08-25,45.4381,45.9584,45.1953,45.4381,703800,9239000.00,0.01680618,0.005406,3.4685
SH600880,2003-08-26,45.4381,45.9584,45.1953,45.5768,435100,5714000.00,0.01038984,0.003342,3.4685
SH600880,2003-08-27,45.4728,45.7156,45.1606,45.5421,842000,11053000.00,0.02010629,0.006468,3.4685
SH600880,2003-08-28,45.3687,45.8543,45.1606,45.4381,256100,3348000.00,0.00611546,0.001967,3.4685
SH600880,2003-08-29,45.3687,45.5421,45.1606,45.4034,331600,4340000.00,0.00791834,0.002547,3.4685
SH600880,2003-09-01,45.4728,45.7503,45.2993,45.5421,269900,3538000.00,0.00644500,0.002073,3.4685
SH600880,2003-09-02,45.4728,45.7156,45.1953,45.5421,677000,8869000.00,0.01616622,0.005200,3.4685
SH600880,2003-09-03,45.4034,46.2012,45.1953,45.6809,947000,12440000.00,0.02261360,0.007275,3.4685
SH600880,2003-09-04,45.6809,46.3052,45.6115,46.2705,324400,4312000.00,0.00774641,0.002492,3.4685
SH600880,2003-09-05,46.2359,46.4787,45.1606,45.3687,208800,2738000.00,0.00498598,0.001604,3.4685
SH600880,2003-09-08,45.4381,45.7849,43.3570,45.1259,179300,2322000.00,0.00428154,0.001377,3.4685
SH600880,2003-09-09,45.2300,46.4093,45.0912,46.4093,689500,9111000.00,0.01646471,0.005297,3.4685
SH600880,2003-09-10,46.4440,46.8255,45.5421,46.2705,134200,1795000.00,0.00320459,0.001031,3.4685
SH600880,2003-09-11,46.2012,46.4787,46.0624,46.4440,152600,2038000.00,0.00364397,0.001172,3.4685
SH600880,2003-09-12,46.3399,46.6174,45.8196,46.0624,42400,564000.00,0.00101248,0.000326,3.4685
SH600880,2003-09-15,46.0624,46.9296,46.0624,46.2359,106100,1423000.00,0.00253358,0.000815,3.4685
SH600880,2003-09-16,46.1318,46.5133,45.7849,46.0971,122200,1624000.00,0.00291804,0.000939,3.4685
SH600880,2003-09-17,46.0971,46.3052,45.7156,45.9931,113700,1507000.00,0.00271507,0.000873,3.4685
SH600880,2003-09-18,45.9584,46.7561,45.8196,46.3746,284100,3789000.00,0.00678408,0.002182,3.4685
SH600880,2003-09-19,46.3052,46.5827,45.9931,46.3052,224900,3003000.00,0.00537043,0.001728,3.4685
SH600880,2003-09-22,46.1318,46.7908,46.1318,46.3746,240100,3219000.00,0.00573340,0.001844,3.4685
SH600880,2003-09-23,46.5827,46.6521,46.0277,46.6174,140600,1881000.00,0.00335742,0.001080,3.4685
SH600880,2003-09-24,46.4787,46.8949,46.4093,46.8255,124100,1672000.00,0.00296341,0.000953,3.4685
SH600880,2003-09-25,46.8949,46.8949,45.9931,46.3746,112400,1504000.00,0.00268402,0.000863,3.4685
SH600880,2003-09-26,46.3746,46.4787,45.7849,46.1318,55000,731000.00,0.00131336,0.000422,3.4685
SH600880,2003-09-29,46.1318,46.1318,45.2993,45.9237,79300,1045000.00,0.00189362,0.000609,3.4685
SH600880,2003-09-30,45.4381,46.0624,45.4381,46.0277,49700,656000.00,0.00118680,0.000382,3.4685
SH600880,2003-10-08,45.7849,46.4093,45.7849,46.1318,81500,1083000.00,0.00194615,0.000626,3.4685
SH600880,2003-10-09,46.1318,46.7908,46.1318,46.5827,307200,4120000.00,0.00733569,0.002360,3.4685
SH600880,2003-10-10,46.3399,47.2417,46.3399,47.1030,325200,4396000.00,0.00776552,0.002498,3.4685
SH600880,2003-10-13,46.5480,47.4845,46.5480,47.3805,369100,5002000.00,0.00881381,0.002835,3.4685
SH600880,2003-10-14,47.3805,47.7620,47.1030,47.2071,280900,3840000.00,0.00670767,0.002158,3.4685
SH600880,2003-10-15,47.1724,47.8661,47.1724,47.2764,209600,2868000.00,0.00500508,0.001610,3.4685
SH600880,2003-10-16,47.1724,47.1724,46.0277,46.6521,289500,3899000.00,0.00691303,0.002224,3.4685
SH600880,2003-10-17,46.6174,46.9989,46.6174,46.8602,107600,1452000.00,0.00256940,0.000827,3.4685
SH600880,2003-10-20,46.8255,46.9989,46.5827,46.8949,44800,605000.00,0.00106979,0.000344,3.4685
SH600880,2003-10-21,46.8255,46.8949,46.4093,46.8949,13700,185000.00,0.00032715,0.000105,3.4685
SH600880,2003-10-22,46.9989,48.2823,46.8949,48.0742,292400,4042000.00,0.00698228,0.002246,3.4685
SH600880,2003-10-23,48.2129,48.2129,47.8661,48.0048,66500,920000.00,0.00158797,0.000511,3.4685
SH600880,2003-10-24,47.9008,48.0742,47.6580,47.7967,30400,419000.00,0.00072593,0.000234,3.4685
SH600880,2003-10-27,47.5886,47.7967,46.8255,47.6233,89300,1215000.00,0.00213241,0.000686,3.4685
SH600880,2003-10-28,47.5192,47.7967,47.0336,47.4152,53500,731000.00,0.00127754,0.000411,3.4685
SH600880,2003-10-29,47.4152,47.7967,46.7561,47.1377,78100,1060000.00,0.00186497,0.000600,3.4685
SH600880,2003-10-30,47.1724,47.1724,45.7849,46.1665,119400,1603000.00,0.00285118,0.000917,3.4685
SH600880,2003-10-31,46.1665,47.1377,45.7849,46.7561,75700,1013000.00,0.00180766,0.000582,3.4685
SH600880,2003-11-03,46.6868,47.1724,46.2012,46.9989,26100,352000.00,0.00062325,0.000200,3.4685
SH600880,2003-11-04,46.8255,48.3864,46.4787,47.9008,615000,8466000.00,0.01468571,0.004724,3.4685
SH600880,2003-11-05,47.6927,49.2188,46.8602,48.4210,1126200,15663000.00,0.02689275,0.008651,3.4685
SH600880,2003-11-06,48.2823,48.9066,46.8949,47.1377,605200,8307000.00,0.01445169,0.004649,3.4685
SH600880,2003-11-07,47.5886,47.6927,46.0971,46.8255,426600,5770000.00,0.01018687,0.003277,3.4685
SH600880,2003-11-10,46.8949,47.1030,46.1665,47.0683,447600,6026000.00,0.01068833,0.003438,3.4685
SH600880,2003-11-11,46.9296,47.7620,46.9296,47.5886,467000,6385000.00,0.01115159,0.003587,3.4685
SH600880,2003-11-12,47.8314,48.0395,46.8255,47.2764,235400,3219000.00,0.00562116,0.001808,3.4685
SH600880,2003-11-13,47.2764,47.5539,46.7561,47.4499,232400,3165000.00,0.00554953,0.001785,3.4685
SH600880,2003-11-14,47.3458,47.5539,47.3111,47.5192,231300,3162000.00,0.00552326,0.001777,3.4685
SH600880,2003-11-17,47.3805,47.5192,47.1030,47.3805,117800,1607000.00,0.00281297,0.000905,3.4685
SH600880,2003-11-18,47.3458,47.5192,46.4787,47.2071,184800,2511000.00,0.00441288,0.001420,3.4685
SH600880,2003-11-19,47.2071,47.8661,47.0683,47.6927,364000,4991000.00,0.00869203,0.002796,3.4685
SH600880,2003-11-20,47.4845,49.1494,47.4845,48.9760,872400,12164000.00,0.02083221,0.006701,3.4685
SH600880,2003-11-21,48.8373,49.6004,47.5192,48.1782,737200,10279000.00,0.01760375,0.005663,3.4685
SH600880,2003-11-24,47.8661,48.8026,47.5192,48.6292,706300,9799000.00,0.01686588,0.005426,3.4685
SH600880,2003-11-25,48.2476,48.6638,47.5192,48.3517,691200,9607000.00,0.01650530,0.005310,3.4685
SH600880,2003-11-26,48.2129,48.4904,47.9008,48.1436,432800,6015000.00,0.01033492,0.003325,3.4685
SH600880,2003-11-27,48.0395,48.3170,47.4845,47.5886,290500,4011000.00,0.00693691,0.002232,3.4685
SH600880,2003-11-28,47.5886,47.7620,46.8255,47.5886,366500,4977000.00,0.00875173,0.002815,3.4685
SH600880,2003-12-01,47.2764,47.9354,47.2417,47.6580,326900,4484000.00,0.00780611,0.002511,3.4685
SH600880,2003-12-02,47.4845,47.6927,46.6521,47.3458,657200,8963000.00,0.01569341,0.005048,3.4685
SH600880,2003-12-03,47.1377,47.3111,46.7215,47.2417,379600,5154000.00,0.00906454,0.002916,3.4685
SH600880,2003-12-04,47.1377,47.6580,47.0336,47.5192,424200,5794000.00,0.01012956,0.003259,3.4685
SH600880,2003-12-05,47.5192,48.0742,47.2071,47.5886,158400,2170000.00,0.00378247,0.001217,3.4685
SH600880,2003-12-08,47.5886,47.9354,47.1030,47.3111,268200,3671000.00,0.00640440,0.002060,3.4685
SH600880,2003-12-09,47.3111,47.7967,47.2417,47.5539,188600,2586000.00,0.00450362,0.001449,3.4685
SH600880,2003-12-10,47.5192,47.8661,46.9989,47.5539,339000,4646000.00,0.00809505,0.002604,3.4685
SH600880,2003-12-11,47.6927,47.6927,47.2071,47.4152,120600,1649000.00,0.00287983,0.000926,3.4685
SH600880,2003-12-12,47.4152,47.4499,46.8255,46.8602,230300,3136000.00,0.00549938,0.001769,3.4685
SH600880,2003-12-15,46.8255,48.2476,46.8255,47.7273,485900,6687000.00,0.01160290,0.003733,3.4685
SH600880,2003-12-16,47.6927,47.9701,47.1377,47.4499,241900,3321000.00,0.00577638,0.001858,3.4685
SH600880,2003-12-17,47.3805,47.4499,46.5133,46.8255,90200,1219000.00,0.00215390,0.000693,3.4685
SH600880,2003-12-18,46.8255,47.1724,45.9931,46.2012,85100,1136000.00,0.00203212,0.000654,3.4685
SH600880,2003-12-19,46.2012,46.3052,44.9872,45.6462,208800,2742000.00,0.00498598,0.001604,3.4685
SH600880,2003-12-22,45.4381,47.1030,45.0912,47.0683,607000,8016000.00,0.01449467,0.004663,3.4685
SH600880,2003-12-23,47.0683,47.9701,46.3052,47.4152,745000,10125000.00,0.01779000,0.005723,3.4685
SH600880,2003-12-24,47.2764,47.7273,46.1318,46.4440,398000,5380000.00,0.00950392,0.003057,3.4685
SH600880,2003-12-25,46.4787,46.4787,45.7156,45.9237,222900,2973000.00,0.00532267,0.001712,3.4685
SH600880,2003-12-26,45.7156,46.2359,45.1606,45.8543,512600,6747000.00,0.01224048,0.003938,3.4685
SH600880,2003-12-29,45.8543,45.8543,44.9178,45.2647,648300,8457000.00,0.01548089,0.004980,3.4685
SH600880,2003-12-30,45.0912,46.2012,45.0912,46.0624,795700,10531000.00,0.01900068,0.006112,3.4685
SH600880,2003-12-31,45.9584,46.4787,45.9584,46.1318,485800,6472000.00,0.01160052,0.003732,3.4685
SH600880,2004-01-02,45.9237,46.4787,45.3340,45.5075,274600,3625000.00,0.00655723,0.002109,3.4685
SH600880,2004-01-05,45.4728,46.3052,45.2647,45.3687,476300,6289000.00,0.01137366,0.003659,3.4685
SH600880,2004-01-06,45.5075,45.7156,45.0912,45.3687,267300,3498000.00,0.00638291,0.002053,3.4685
SH600880,2004-01-07,45.4381,46.3052,44.7444,45.1606,415300,5399000.00,0.00991703,0.003190,3.4685
SH600880,2004-01-08,45.1953,45.4381,45.0219,45.2300,434100,5647000.00,0.01036596,0.003335,3.4685
SH600880,2004-01-09,45.0912,45.2647,45.0219,45.1953,291100,3788000.00,0.00695124,0.002236,3.4685
SH600880,2004-01-12,45.0912,45.8543,45.0912,45.1259,375000,4903000.00,0.00895470,0.002881,3.4685
SH600880,2004-01-13,45.1259,45.3687,45.0912,45.1259,452300,5894000.00,0.01080056,0.003474,3.4685
SH600880,2004-01-14,45.0912,45.7156,44.9525,45.0219,379000,4940000.00,0.00905022,0.002911,3.4685
SH600880,2004-01-15,45.1259,45.4381,44.8831,45.1606,578100,7505000.00,0.01380457,0.004441,3.4685
SH600880,2004-01-16,45.0912,45.2647,44.9525,45.1259,629700,8188000.00,0.01503673,0.004837,3.4685
SH600880,2004-01-29,45.1259,47.1030,45.1259,46.6868,732600,9772000.00,0.01749390,0.005628,3.4685
SH600880,2004-01-30,46.5827,47.6580,46.3399,46.3399,473600,6417000.00,0.01130919,0.003638,3.4685
SH600880,2004-02-02,46.4440,47.8314,45.9931,47.1724,604000,8183000.00,0.01442304,0.004640,3.4685
SH600880,2004-02-03,47.3458,47.3805,46.6521,47.2764,729600,9875000.00,0.01742226,0.005605,3.4685
SH600880,2004-02-04,47.1030,51.9937,46.9989,51.9937,3505900,51027000.00,0.08371809,0.026931,3.4685
SH600880,2004-02-05,53.0689,53.7626,50.9878,51.9937,2573700,38759000.00,0.06145790,0.019770,3.4685
SH600880,2004-02-06,51.6815,52.8608,50.6756,51.6815,1560000,23122000.00,0.03725155,0.011983,3.4685
SH600880,2004-02-09,51.6815,52.7221,50.9878,52.5833,1670700,25118000.00,0.03989498,0.012834,3.4685
SH600880,2004-02-10,52.6180,52.7221,51.3346,51.8549,1090500,16277000.00,0.02604027,0.008377,3.4685
SH600880,2004-02-11,51.8549,51.8549,50.8144,51.1265,613600,9038000.00,0.01465228,0.004713,3.4685
SH600880,2004-02-12,51.0572,51.8549,50.9878,51.3000,674800,9993000.00,0.01611368,0.005184,3.4685
SH600880,2004-02-13,51.1612,52.2018,50.9878,51.8549,986100,14682000.00,0.02354728,0.007575,3.4685
SH600880,2004-02-16,51.8549,53.0689,51.7162,52.3405,1160700,17477000.00,0.02771659,0.008916,3.4685
SH600880,2004-02-17,52.2365,52.3405,51.1959,52.0630,846700,12676000.00,0.02021852,0.006504,3.4685
SH600880,2004-02-18,51.7856,54.1095,51.7856,52.8261,1278600,19552000.00,0.03053194,0.009822,3.4685
SH600880,2004-02-19,52.8955,53.9361,52.0977,53.3811,1146200,17541000.00,0.02737034,0.008805,3.4685
SH600880,2004-02-20,53.7626,54.7685,52.7567,53.2770,1134800,17556000.00,0.02709812,0.008717,3.4685
SH600880,2004-02-23,53.2770,53.9361,52.0630,52.2365,915800,13969000.00,0.02186857,0.007035,3.4685
SH600880,2004-02-24,51.9243,51.9243,50.7450,51.5774,925000,13656000.00,0.02208826,0.007106,3.4685
SH600880,2004-02-25,51.1612,52.4793,51.0918,51.3693,661800,9889000.00,0.01580325,0.005084,3.4685
SH600880,2004-02-26,51.3346,51.6815,50.2941,50.4675,423600,6188000.00,0.01011523,0.003254,3.4685
SH600880,2004-02-27,50.6409,51.8202,50.4675,51.5081,763400,11256000.00,0.01822938,0.005864,3.4685
SH600880,2004-03-01,51.4387,52.5486,50.8144,52.2711,819600,12273000.00,0.01957139,0.006296,3.4685
SH600880,2004-03-02,52.2018,53.3464,52.0977,52.8955,1141700,17377000.00,0.02726288,0.008770,3.4685
SH600880,2004-03-03,52.7914,53.2077,51.7162,52.2711,766200,11617000.00,0.01829624,0.005886,3.4685
SH600880,2004-03-04,52.0284,53.0689,51.3346,52.7221,1009200,15237000.00,0.02409889,0.007752,3.4685
SH600880,2004-03-05,52.6874,54.7338,52.5833,54.4217,1996200,30954000.00,0.04766766,0.015334,3.4685
SH600880,2004-03-08,54.4563,54.6645,53.4158,54.2482,1108200,17249000.00,0.02646293,0.008513,3.4685
SH600880,2004-03-09,54.1095,55.2541,52.9995,53.1036,1350300,21113000.00,0.03224408,0.010373,3.4685
SH600880,2004-03-10,53.1730,55.0807,52.7221,54.7685,1116100,17370000.00,0.02665158,0.008574,3.4685
SH600880,2004-03-11,54.6645,55.2194,54.1095,54.8726,1216300,19187000.00,0.02904427,0.009343,3.4685
SH600880,2004-03-12,54.8032,54.8726,54.0401,54.5951,565000,8850000.00,0.01349175,0.004340,3.4685
SH600880,2004-03-15,54.4563,56.5375,54.4563,56.1559,1560400,25136000.00,0.03726110,0.011986,3.4685
SH600880,2004-03-16,56.8496,56.8496,55.6703,56.3294,691600,11222000.00,0.01651485,0.005313,3.4685
SH600880,2004-03-17,56.0519,57.5780,56.0172,57.1965,1027200,16927000.00,0.02452871,0.007891,3.4685
SH600880,2004-03-18,57.2312,57.5780,56.6415,56.7456,666800,10970000.00,0.01592265,0.005122,3.4685
SH600880,2004-03-19,56.6415,58.7920,56.6415,58.5492,785600,13163000.00,0.01875950,0.006035,3.4685
SH600880,2004-03-23,58.8961,62.1565,58.2024,60.6304,1694800,29430000.00,0.04047047,0.013019,3.4685
SH600880,2004-03-24,61.9137,61.9137,60.0060,60.5263,571200,9983000.00,0.01363980,0.004388,3.4685
SH600880,2004-03-25,60.9079,60.9079,59.3817,59.6939,587800,10161000.00,0.01403619,0.004515,3.4685
SH600880,2004-03-26,59.6939,61.3935,59.6592,60.6651,628900,10975000.00,0.01501763,0.004831,3.4685
SH600880,2004-03-29,60.6998,61.6363,60.4570,60.8385,452500,7943000.00,0.01080534,0.003476,3.4685
SH600880,2004-03-30,60.8385,61.0466,59.4858,60.2835,563100,9770000.00,0.01344638,0.004326,3.4685
SH600880,2004-03-31,60.1795,61.7403,59.9367,61.7056,682300,12030000.00,0.01629278,0.005241,3.4685
SH600880,2004-04-01,61.3241,63.1277,60.8038,62.3300,849800,15324000.00,0.02029254,0.006528,3.4685
SH600880,2004-04-02,62.1565,63.0584,61.6709,62.8156,970300,17488000.00,0.02316999,0.007454,3.4685
SH600880,2004-04-05,63.9602,66.2494,63.1277,66.2148,1915700,35997000.00,0.04574538,0.014716,3.4685
SH600880,2004-04-06,66.5616,66.7350,65.2089,66.1454,1129100,21476000.00,0.02696200,0.008673,3.4685
SH600880,2004-04-07,66.1454,67.8103,66.0066,67.4981,2011400,38903000.00,0.04803062,0.015451,3.4685
SH600880,2004-04-08,68.1493,68.2468,67.1743,68.0518,1176100,16338000.00,0.02808433,0.009034,4.8747
SH600880,2004-04-09,68.0518,68.1980,66.7843,67.2718,1039200,14388000.00,0.01772519,0.005702,4.8747
SH600880,2004-04-12,67.2231,67.3206,65.3219,66.9306,1382400,18796000.00,0.02357900,0.007585,4.8747
SH600880,2004-04-13,66.7843,68.3930,66.4431,67.3206,1254400,17402000.00,0.02139576,0.006883,4.8747
SH600880,2004-04-14,67.0768,67.4668,65.8581,66.8331,978500,13387000.00,0.01668986,0.005369,4.8747
SH600880,2004-04-15,66.7843,67.1743,64.8344,66.0044,972500,13228000.00,0.01658752,0.005336,4.8747
SH600880,2004-04-16,65.8094,66.8331,65.2732,66.2969,585300,7948000.00,0.00998321,0.003211,4.8747
SH600880,2004-04-19,66.2969,66.5893,64.5907,65.2244,1146300,15411000.00,0.01955195,0.006290,4.8747
SH600880,2004-04-20,65.2244,66.0531,64.9807,65.6631,880400,11839000.00,0.01501661,0.004831,4.8747
SH600880,2004-04-21,65.5656,67.3693,65.4682,66.4919,1415400,19227000.00,0.02414187,0.007766,4.8747
SH600880,2004-04-22,66.2969,67.5643,65.7606,67.2231,825400,11286000.00,0.01407849,0.004529,4.8747
SH600880,2004-04-23,67.4181,67.6618,65.7606,66.4431,601700,8212000.00,0.01026294,0.003301,4.8747
SH600880,2004-04-26,66.2969,67.2231,64.6394,65.7606,1253600,16941000.00,0.02138212,0.006878,4.8747
SH600880,2004-04-27,65.8094,66.0531,64.2495,64.6882,817400,10950000.00,0.01394204,0.004485,4.8747
SH600880,2004-04-28,64.7369,65.5169,64.5907,65.0782,739700,9858000.00,0.01261675,0.004059,4.8747
SH600880,2004-04-29,65.0782,66.0531,64.6394,64.8832,521200,6975000.00,0.00888988,0.002860,4.8747
SH600880,2004-04-30,64.8832,65.8094,64.7369,65.3707,348400,4667000.00,0.00594251,0.001912,4.8747
SH600880,2004-05-10,65.2732,65.4194,64.1032,64.2007,336200,4455000.00,0.00573442,0.001845,4.8747
SH600880,2004-05-11,64.0545,64.8344,64.0545,64.5419,372500,4934000.00,0.00635357,0.002044,4.8747
SH600880,2004-05-12,64.5419,65.7606,64.2495,65.3707,550200,7355000.00,0.00938453,0.003019,4.8747
SH600880,2004-05-13,65.4682,65.7119,64.3957,64.8832,494100,6601000.00,0.00842765,0.002711,4.8747
SH600880,2004-05-14,64.8344,64.8344,60.2034,60.7884,976800,12464000.00,0.01666086,0.005360,4.8747
SH600880,2004-05-17,60.7884,61.2758,59.2772,59.9109,341300,4242000.00,0.00582141,0.001873,4.8747
SH600880,2004-05-18,61.8608,61.8608,59.9109,60.4959,619000,7675000.00,0.01055802,0.003396,4.8747
SH600880,2004-05-19,60.6909,62.2995,59.7159,60.0572,1179000,14804000.00,0.02010970,0.006469,4.8747
SH600880,2004-05-20,60.1059,60.7396,59.2772,60.3984,982900,12090000.00,0.01676490,0.005393,4.8747
SH600880,2004-05-21,60.1059,62.0071,60.1059,61.4221,1161100,14554000.00,0.01980439,0.006371,4.8747
SH600880,2004-05-24,61.7146,62.7870,60.7396,61.5683,804000,10212000.00,0.01371348,0.004411,4.8747
SH600880,2004-05-25,61.4221,61.6658,59.9109,60.1059,377100,4698000.00,0.00643203,0.002069,4.8747
SH600880,2004-05-26,59.9597,60.6909,59.5697,60.3009,302900,3735000.00,0.00516644,0.001662,4.8747
SH600880,2004-05-27,60.1059,61.4221,59.4722,61.3246,549900,6824000.00,0.00937941,0.003017,4.8747
SH600880,2004-05-28,61.0809,61.4221,60.4471,61.4221,559100,6999000.00,0.00953633,0.003068,4.8747
SH600880,2004-05-31,61.2271,62.2021,59.4722,60.1546,336400,4205000.00,0.00573783,0.001846,4.8747
SH600880,2004-06-01,60.1546,60.6909,57.2785,58.2535,721900,8725000.00,0.01231314,0.003961,4.8747
SH600880,2004-06-02,58.2535,58.7897,57.5223,58.2047,610800,7301000.00,0.01041815,0.003351,4.8747
SH600880,2004-06-03,58.0097,59.4722,52.4038,55.2799,1360300,15330000.00,0.02320205,0.007464,4.8747
SH600880,2004-06-04,54.1099,57.0348,53.7687,55.9136,602700,6830000.00,0.01028000,0.003307,4.8747
SH600880,2004-06-07,55.3286,56.8398,55.3286,56.5473,640100,7404000.00,0.01091791,0.003512,4.8747
SH600880,2004-06-08,56.0598,57.2785,55.5236,55.7674,295100,3409000.00,0.00503339,0.001619,4.8747
SH600880,2004-06-09,55.5724,56.2061,54.2562,55.4749,579700,6549000.00,0.00988769,0.003181,4.8747
SH600880,2004-06-10,55.0849,55.8161,54.4024,55.7186,387600,4375000.00,0.00661113,0.002127,4.8747
SH600880,2004-06-11,55.3286,56.7911,54.8899,56.3036,598500,6913000.00,0.01020836,0.003284,4.8747
SH600880,2004-06-14,55.6699,56.3036,54.5974,54.9874,212200,2409000.00,0.00361940,0.001164,4.8747
SH600880,2004-06-15,54.5974,56.1086,54.5974,55.3774,101200,1154000.00,0.00172613,0.000555,4.8747
SH600880,2004-06-16,54.8899,55.9623,54.4999,55.4749,205300,2326000.00,0.00350171,0.001126,4.8747
SH600880,2004-06-17,55.0849,55.8161,54.4512,54.6949,196700,2216000.00,0.00335503,0.001079,4.8747
SH600880,2004-06-18,54.5974,54.6462,51.0388,53.0862,674300,7308000.00,0.01150125,0.003700,4.8747
SH600880,2004-06-21,52.6475,53.6225,51.5750,52.1600,243300,2602000.00,0.00414986,0.001335,4.8747
SH600880,2004-06-22,52.3063,54.1099,52.1600,53.0375,623100,6793000.00,0.01062795,0.003419,4.8747
SH600880,2004-06-23,52.4038,53.1350,51.9650,52.6475,113900,1227000.00,0.00194274,0.000625,4.8747
SH600880,2004-06-24,53.5250,54.1099,52.5500,52.9400,294600,3226000.00,0.00502487,0.001616,4.8747
SH600880,2004-06-25,52.0625,52.8425,51.1851,52.2088,232800,2479000.00,0.00397077,0.001277,4.8747
SH600880,2004-06-28,52.2088,53.0375,51.4288,52.2575,492000,5322000.00,0.00839183,0.002700,4.8747
SH600880,2004-06-29,52.6475,55.0849,51.4288,52.4525,746700,8137000.00,0.01273614,0.004097,4.8747
SH600880,2004-06-30,52.2575,52.7937,51.6725,51.7213,74600,798000.00,0.00127242,0.000409,4.8747
SH600880,2004-07-01,51.7700,53.1837,51.6725,52.6962,634600,6846000.00,0.01082410,0.003482,4.8747
SH600880,2004-07-02,52.6475,52.7450,51.0876,51.2826,180300,1914000.00,0.00307530,0.000989,4.8747
SH600880,2004-07-05,51.2826,52.0138,51.1363,51.1851,244400,2580000.00,0.00416863,0.001341,4.8747
SH600880,2004-07-06,51.1851,51.6725,50.4051,50.9413,431000,4505000.00,0.00735138,0.002365,4.8747
SH600880,2004-07-07,50.9413,50.9413,49.4789,49.5764,123000,1260000.00,0.00209796,0.000675,4.8747
SH600880,2004-07-08,49.5276,50.2101,48.7477,49.4789,260300,2640000.00,0.00443983,0.001428,4.8747
SH600880,2004-07-09,49.4789,50.1614,49.0889,49.7714,167700,1702000.00,0.00286039,0.000920,4.8747
SH600880,2004-07-12,49.4789,49.9176,48.7477,48.8452,213300,2159000.00,0.00363817,0.001170,4.8747
SH600880,2004-07-13,49.1377,49.3327,48.7477,48.9427,254100,2555000.00,0.00433407,0.001394,4.8747
SH600880,2004-07-14,48.9914,50.1126,48.7477,49.3327,454500,4600000.00,0.00775221,0.002494,4.8747
SH600880,2004-07-15,49.3814,49.7714,49.1377,49.5764,374600,3807000.00,0.00638939,0.002055,4.8747
SH600880,2004-07-16,49.7226,52.4038,49.7226,52.2088,843400,8762000.00,0.01438551,0.004628,4.8747
SH600880,2004-07-19,51.9163,52.8912,50.7951,52.5013,406600,4303000.00,0.00693520,0.002231,4.8747
SH600880,2004-07-20,52.1600,52.3063,51.2338,51.7700,324400,3439000.00,0.00553315,0.001780,4.8747
SH600880,2004-07-21,51.5750,52.2575,51.4776,51.7700,967100,10286000.00,0.01649541,0.005306,4.8747
SH600880,2004-07-22,51.9163,52.3550,51.1363,51.3801,319000,3384000.00,0.00544105,0.001750,4.8747
SH600880,2004-07-23,51.2338,51.9163,50.4051,51.8675,296000,3117000.00,0.00504875,0.001624,4.8747
SH600880,2004-07-26,51.5750,52.1600,51.4288,51.8675,143100,1518000.00,0.00244080,0.000785,4.8747
SH600880,2004-07-27,52.0138,52.2088,51.6725,51.9163,361100,3853000.00,0.00615913,0.001981,4.8747
SH600880,2004-07-28,51.7213,51.7213,49.1864,50.9901,397800,4123000.00,0.00678510,0.002183,4.8747
SH600880,2004-07-29,50.9413,51.0876,50.2101,50.6488,246100,2557000.00,0.00419762,0.001350,4.8747
SH600880,2004-07-30,50.5513,51.2338,50.2589,50.5026,249900,2597000.00,0.00426244,0.001371,4.8747
SH600880,2004-08-02,50.5026,50.5026,49.4789,49.8689,310500,3174000.00,0.00529607,0.001704,4.8747
SH600880,2004-08-03,49.7226,50.2101,49.4789,49.6739,135600,1383000.00,0.00231287,0.000744,4.8747
SH600880,2004-08-04,49.4789,51.4288,49.4789,50.2101,492400,5053000.00,0.00839866,0.002702,4.8747
SH600880,2004-08-05,50.3564,50.8438,49.2352,50.0151,255900,2641000.00,0.00436478,0.001404,4.8747
SH600880,2004-08-06,49.7226,50.2101,48.9914,49.2839,105900,1079000.00,0.00180629,0.000581,4.8747
SH600880,2004-08-09,49.3327,50.1126,49.2839,49.6739,217800,2220000.00,0.00371492,0.001195,4.8747
SH600880,2004-08-10,49.6251,50.0639,49.2839,49.4789,144000,1467000.00,0.00245615,0.000790,4.8747
SH600880,2004-08-11,49.5276,49.6739,47.8215,48.4064,223600,2241000.00,0.00381385,0.001227,4.8747
SH600880,2004-08-12,48.4064,48.6502,45.8228,46.7978,204900,1966000.00,0.00349489,0.001124,4.8747
SH600880,2004-08-13,46.9440,47.2852,45.8228,46.2128,119000,1140000.00,0.00202973,0.000653,4.8747
SH600880,2004-08-16,45.9203,46.9928,45.5791,46.1641,146600,1388000.00,0.00250049,0.000804,4.8747
SH600880,2004-08-17,45.9203,46.5053,45.3841,46.3103,89200,843000.00,0.00152145,0.000489,4.8747
SH600880,2004-08-18,46.0178,47.5290,45.8228,46.3590,573600,5463000.00,0.00978365,0.003147,4.8747
SH600880,2004-08-19,45.9691,46.2128,45.1403,46.0178,162000,1525000.00,0.00276316,0.000889,4.8747
SH600880,2004-08-20,45.8228,46.7978,45.8228,46.0666,159900,1512000.00,0.00272735,0.000877,4.8747
SH600880,2004-08-23,46.0666,46.0666,45.7253,45.8228,312800,2938000.00,0.00533530,0.001716,4.8747
SH600880,2004-08-24,45.8228,46.3590,45.7741,46.2128,148700,1403000.00,0.00253631,0.000816,4.8747
SH600880,2004-08-25,45.8228,47.1878,45.6278,45.7741,286200,2722000.00,0.00488159,0.001570,4.8747
SH600880,2004-08-26,45.8716,46.2615,45.3841,45.5791,221700,2090000.00,0.00378144,0.001216,4.8747
SH600880,2004-08-27,45.5791,45.8716,43.8729,44.4091,184100,1690000.00,0.00314011,0.001010,4.8747
SH600880,2004-08-30,44.4579,44.8479,44.3604,44.4579,203800,1860000.00,0.00347613,0.001118,4.8747
SH600880,2004-08-31,44.8479,45.1403,44.5066,44.7504,448300,4114000.00,0.00764646,0.002460,4.8747
SH600880,2004-09-01,44.7991,45.2866,44.4091,44.6529,519500,4779000.00,0.00886089,0.002850,4.8747
SH600880,2004-09-02,44.7016,44.8966,44.1166,44.5554,788100,7204000.00,0.01344228,0.004324,4.8747
SH600880,2004-09-03,44.4091,44.7504,44.1166,44.3604,517300,4712000.00,0.00882336,0.002838,4.8747
SH600880,2004-09-06,44.4091,44.7504,44.3604,44.4579,129800,1185000.00,0.00221394,0.000712,4.8747
SH600880,2004-09-07,44.5554,45.2378,44.3604,44.8479,261100,2397000.00,0.00445347,0.001433,4.8747
SH600880,2004-09-08,44.7504,45.0916,44.2629,44.4091,121100,1113000.00,0.00206555,0.000664,4.8747
SH600880,2004-09-09,44.3604,44.6529,43.9217,44.2629,462500,4193000.00,0.00788866,0.002538,4.8747
SH600880,2004-09-10,44.1654,44.6041,43.9217,44.4579,445100,4056000.00,0.00759188,0.002442,4.8747
SH600880,2004-09-13,44.2629,44.6529,42.4105,42.9954,141900,1266000.00,0.00242033,0.000779,4.8747
SH600880,2004-09-14,43.0442,44.3604,42.8980,43.6292,201200,1794000.00,0.00343178,0.001104,4.8747
SH600880,2004-09-15,43.3854,45.8716,42.9954,45.6766,757700,6988000.00,0.01292376,0.004157,4.8747
SH600880,2004-09-16,45.3841,46.0666,44.8479,45.3353,602100,5593000.00,0.01026976,0.003304,4.8747
SH600880,2004-09-17,45.4328,49.7226,45.2378,49.2352,1352800,13108000.00,0.02307413,0.007423,4.8747
SH600880,2004-09-20,48.7477,51.6725,47.7727,51.3801,1681500,17233000.00,0.02868062,0.009226,4.8747
SH600880,2004-09-21,50.8926,51.9650,48.9914,50.0151,628500,6488000.00,0.01072006,0.003449,4.8747
SH600880,2004-09-22,49.9664,50.7951,48.8939,49.6739,447900,4570000.00,0.00763964,0.002458,4.8747
SH600880,2004-09-23,49.6739,51.6725,48.4552,50.7951,603800,6166000.00,0.01029876,0.003313,4.8747
SH600880,2004-09-24,50.9413,53.8662,50.2101,51.7700,1989500,21158000.00,0.03393405,0.010916,4.8747
SH600880,2004-09-27,51.4776,52.9400,50.3564,50.6001,924900,9784000.00,0.01577562,0.005075,4.8747
SH600880,2004-09-28,50.3564,51.5750,50.3076,51.1363,465100,4868000.00,0.00793301,0.002552,4.8747
SH600880,2004-09-29,51.1363,51.6725,49.9664,50.6001,706400,7343000.00,0.01204876,0.003876,4.8747
SH600880,2004-09-30,50.2101,50.8438,48.6502,49.7714,296000,3030000.00,0.00504875,0.001624,4.8747
SH600880,2004-10-08,49.4789,51.4288,49.0402,51.2826,418200,4287000.00,0.00713306,0.002295,4.8747
SH600880,2004-10-11,51.4288,51.4288,49.1377,50.0639,847900,8710000.00,0.01446227,0.004652,4.8747
SH600880,2004-10-12,49.7226,50.5026,48.5039,48.9427,411100,4181000.00,0.00701196,0.002256,4.8747
SH600880,2004-10-13,48.9427,49.7714,48.3090,48.9427,235800,2366000.00,0.00402194,0.001294,4.8747
SH600880,2004-10-14,48.8939,48.8939,44.8479,45.7253,195500,1896000.00,0.00333456,0.001073,4.8747
SH600880,2004-10-15,45.3353,47.7727,44.9941,45.7253,432700,4138000.00,0.00738038,0.002374,4.8747
SH600880,2004-10-18,46.7003,46.7490,42.8980,44.9454,1126000,10269000.00,0.01920570,0.006178,4.8747
SH600880,2004-10-19,45.0916,46.0178,43.9217,44.9454,606800,5631000.00,0.01034993,0.003329,4.8747
SH600880,2004-10-20,46.0178,46.3103,44.6041,44.9941,149300,1378000.00,0.00254655,0.000819,4.8747
SH600880,2004-10-21,44.8479,45.5791,43.9217,44.9941,221800,2043000.00,0.00378315,0.001217,4.8747
SH600880,2004-10-22,44.3604,45.3353,42.8980,45.2866,664000,5979000.00,0.01132556,0.003643,4.8747
SH600880,2004-10-25,45.4816,45.7253,43.9704,44.7016,248600,2300000.00,0.00424026,0.001364,4.8747
SH600880,2004-10-26,44.3604,45.3353,43.3367,45.2378,426400,3884000.00,0.00727292,0.002340,4.8747
SH600880,2004-10-27,44.9454,45.9203,44.1166,45.9203,1039700,9530000.00,0.01773372,0.005705,4.8747
SH600880,2004-10-28,42.8980,45.5303,42.8980,44.3604,1766900,16011000.00,0.03013726,0.009695,4.8747
SH600880,2004-10-29,43.3854,44.2629,42.6542,43.9704,768400,6901000.00,0.01310627,0.004216,4.8747
SH600880,2004-11-01,43.9704,44.5554,43.1904,43.9704,365300,3305000.00,0.00623077,0.002004,4.8747
SH600880,2004-11-02,43.8729,44.3116,43.2879,44.0192,319200,2854000.00,0.00544446,0.001751,4.8747
SH600880,2004-11-03,43.8729,44.2629,42.8005,44.2141,1120700,9982000.00,0.01911530,0.006149,4.8747
SH600880,2004-11-04,43.7754,44.0192,42.7517,43.4829,1210700,10745000.00,0.02065039,0.006643,4.8747
SH600880,2004-11-05,43.2879,43.6292,42.3130,42.8492,565900,4996000.00,0.00965231,0.003105,4.8747
SH600880,2004-11-08,42.6542,43.1417,41.8255,42.3617,341900,2968000.00,0.00583164,0.001876,4.8747
SH600880,2004-11-09,42.0692,42.8492,41.8255,42.5080,442900,3853000.00,0.00755436,0.002430,4.8747
SH600880,2004-11-10,42.1667,44.0192,41.8255,43.8242,2186400,19390000.00,0.03729249,0.011997,4.8747
SH600880,2004-11-11,43.6292,46.0178,42.8980,44.7991,2731600,24968000.00,0.04659173,0.014988,4.8747
SH600880,2004-11-12,44.7016,45.2378,43.8729,44.1654,1063100,9700000.00,0.01813284,0.005833,4.8747
SH600880,2004-11-15,44.2629,46.2128,44.2629,46.1641,1902600,17684000.00,0.03245183,0.010439,4.8747
SH600880,2004-11-16,46.0666,46.7003,44.9941,45.8716,1288700,12125000.00,0.02198080,0.007071,4.8747
SH600880,2004-11-17,45.8228,46.1641,44.6529,44.9941,764900,7112000.00,0.01304657,0.004197,4.8747
SH600880,2004-11-18,44.9941,45.6766,44.3604,45.5303,1358200,12552000.00,0.02316624,0.007452,4.8747
SH600880,2004-11-19,45.3841,45.9203,44.8479,45.5791,1053100,9802000.00,0.01796228,0.005778,4.8747
SH600880,2004-11-22,45.6278,47.7727,45.3353,46.8953,2853000,27412000.00,0.04866240,0.015654,4.8747
SH600880,2004-11-23,46.9440,47.1878,46.2615,46.8953,1765600,16938000.00,0.03011508,0.009688,4.8747
SH600880,2004-11-24,46.9440,47.9190,46.3590,46.6028,2178800,21089000.00,0.03716286,0.011955,4.8747
SH600880,2004-11-25,46.5540,46.8953,45.6278,46.0666,987500,9354000.00,0.01684336,0.005418,4.8747
SH600880,2004-11-26,45.8716,46.7003,45.6766,45.9203,1077400,10206000.00,0.01837675,0.005912,4.8747
SH600880,2004-11-29,45.8228,46.0178,44.4579,44.9454,686600,6370000.00,0.01171104,0.003767,4.8747
SH600880,2004-11-30,44.8479,45.6278,44.6041,45.0916,678500,6281000.00,0.01157288,0.003723,4.8747
SH600880,2004-12-01,44.9454,46.9440,44.8479,46.3590,2131400,20176000.00,0.03635438,0.011695,4.8747
SH600880,2004-12-02,45.9691,49.1377,45.6278,48.6989,4726200,46153000.00,0.08061277,0.025932,4.8747
SH600880,2004-12-03,48.7477,50.1614,47.9677,48.3577,5414000,54442000.00,0.09234428,0.029706,4.8747
SH600880,2004-12-06,48.1140,49.1864,47.4802,48.4552,2383900,23694000.00,0.04066116,0.013080,4.8747
SH600880,2004-12-07,48.5039,49.1377,47.0415,47.6752,1639600,16159000.00,0.02796595,0.008996,4.8747
SH600880,2004-12-08,47.7727,48.6014,46.9440,48.0165,1548300,15207000.00,0.02640869,0.008495,4.8747
SH600880,2004-12-09,48.0165,48.6989,47.2852,48.2115,1776400,17554000.00,0.03029929,0.009747,4.8747
SH600880,2004-12-10,48.0165,48.4064,46.0666,47.2365,1005100,9727000.00,0.01714356,0.005515,4.8747
SH600880,2004-12-13,46.9928,47.5290,46.1641,47.3340,1073800,10336000.00,0.01831535,0.005892,4.8747
SH600880,2004-12-14,47.0415,47.9190,46.3103,46.9440,1524700,14788000.00,0.02600615,0.008366,4.8747
SH600880,2004-12-15,46.7978,47.1878,45.8228,46.7003,1320500,12611000.00,0.02252320,0.007245,4.8747
SH600880,2004-12-16,46.5540,46.6515,45.3353,46.4565,654400,6191000.00,0.01116182,0.003591,4.8747
SH600880,2004-12-17,46.2128,46.7490,45.7741,46.3103,1989300,18899000.00,0.03393064,0.010915,4.8747
SH600880,2004-12-20,45.8228,46.7978,45.3353,46.7490,953500,9046000.00,0.01626344,0.005232,4.8747
SH600880,2004-12-21,47.0903,48.6502,46.5540,48.2115,1779100,17563000.00,0.03034535,0.009762,4.8747
SH600880,2004-12-22,48.5039,49.6739,48.1627,49.5276,3325200,33503000.00,0.05671651,0.018245,4.8747
SH600880,2004-12-23,49.6251,49.9664,47.7727,48.6989,1742900,17559000.00,0.02972790,0.009563,4.8747
SH600880,2004-12-24,48.6989,50.5513,48.6989,50.4051,3901500,39913000.00,0.06654621,0.021407,4.8747
SH600880,2004-12-27,50.7463,50.7463,49.4789,50.0151,1626600,16700000.00,0.02774422,0.008925,4.8747
SH600880,2004-12-28,49.8201,50.5513,49.2352,50.2101,1906400,19580000.00,0.03251665,0.010460,4.8747
SH600880,2004-12-29,50.4539,50.6488,49.0402,49.2352,1717400,17515000.00,0.02929296,0.009423,4.8747
SH600880,2004-12-30,49.0402,50.3564,48.7964,49.9176,2190000,22353000.00,0.03735389,0.012016,4.8747
SH600880,2004-12-31,50.0151,50.6001,49.2352,49.7226,1332000,13631000.00,0.02271935,0.007309,4.8747
SH600880,2005-01-04,49.6251,50.2101,48.3090,49.9664,1562500,15927000.00,0.02665089,0.008573,4.8747
SH600880,2005-01-05,49.7226,53.3300,49.7226,52.9400,4033400,42943000.00,0.06879597,0.022131,4.8747
SH600880,2005-01-06,53.0862,53.0862,51.4776,52.8425,1371000,14734000.00,0.02338456,0.007523,4.8747
SH600880,2005-01-07,52.5500,54.2074,52.2088,52.9400,1685400,18412000.00,0.02874715,0.009248,4.8747
SH600880,2005-01-10,52.5500,53.6225,51.9163,53.4762,1657100,17997000.00,0.02826444,0.009092,4.8747
SH600880,2005-01-11,53.0375,53.8174,52.0625,53.7199,1696500,18510000.00,0.02893647,0.009309,4.8747
SH600880,2005-01-12,53.6225,54.3049,52.5500,54.1587,1766500,19410000.00,0.03013043,0.009693,4.8747
SH600880,2005-01-13,53.1837,55.4749,53.1837,54.3049,2422300,27112000.00,0.04131613,0.013291,4.8747
SH600880,2005-01-14,53.8662,54.2562,52.6475,53.2325,1344000,14713000.00,0.02292403,0.007374,4.8747
SH600880,2005-01-17,52.6475,52.8912,51.6725,52.3550,1124800,12061000.00,0.01918523,0.006172,4.8747
SH600880,2005-01-18,52.2575,53.2812,52.1113,52.9887,1989100,21533000.00,0.03392723,0.010914,4.8747
SH600880,2005-01-19,52.8912,53.1350,50.9413,51.4776,1477000,15716000.00,0.02519256,0.008104,4.8747
SH600880,2005-01-20,51.2826,51.2826,48.8452,49.7226,2318800,23796000.00,0.03955078,0.012723,4.8747
SH600880,2005-01-21,49.6251,51.3801,48.2602,51.3313,2353000,24225000.00,0.04013411,0.012911,4.8747
SH600880,2005-01-24,51.4288,52.1600,50.7951,51.6725,1617300,17074000.00,0.02758559,0.008874,4.8747
SH600880,2005-01-25,51.7700,52.1113,50.8926,51.5750,1566500,16572000.00,0.02671912,0.008595,4.8747
SH600880,2005-01-26,51.4288,51.9650,51.0876,51.4288,1091900,11529000.00,0.01862407,0.005991,4.8747
SH600880,2005-01-27,51.1851,51.4288,49.2352,49.7714,1086500,11158000.00,0.01853196,0.005962,4.8747
SH600880,2005-01-28,49.4789,50.4539,49.4789,50.0151,1209400,12412000.00,0.02062822,0.006636,4.8747
SH600880,2005-01-31,50.0151,50.5026,48.6502,50.1614,1126200,11550000.00,0.01920911,0.006179,4.8747
SH600880,2005-02-01,49.9664,51.8675,49.9176,50.9413,1699000,17786000.00,0.02897911,0.009322,4.8747
SH600880,2005-02-02,52.5500,54.9874,50.6976,54.5974,2556700,27449000.00,0.04360854,0.014028,4.8747
SH600880,2005-02-03,57.5223,57.5223,52.2575,52.7450,2696900,30356000.00,0.04599987,0.014798,4.8747
SH600880,2005-02-04,52.6475,53.8662,51.8188,53.0862,1619400,17614000.00,0.02762141,0.008886,4.8747
SH600880,2005-02-16,53.1350,53.8662,51.9650,52.1113,2329500,25250000.00,0.03973328,0.012782,4.8747
SH600880,2005-02-17,51.9163,52.5500,51.7213,52.4038,738300,7912000.00,0.01259287,0.004051,4.8747
SH600880,2005-02-18,52.4038,54.8411,51.8188,51.8675,1423400,15545000.00,0.02427832,0.007810,4.8747
SH600880,2005-02-21,51.6725,52.9400,51.4776,52.5013,1071600,11517000.00,0.01827782,0.005880,4.8747
SH600880,2005-02-22,52.1600,54.0124,52.1600,53.6225,2338800,25537000.00,0.03989191,0.012833,4.8747
SH600880,2005-02-23,53.6225,54.5487,52.1600,54.0612,2297300,25208000.00,0.03918406,0.012605,4.8747
SH600880,2005-02-24,54.0612,59.3747,53.5250,59.2772,6233400,72725000.00,0.10632043,0.034202,4.8747
SH600880,2005-02-25,59.2772,59.5697,57.0348,58.8385,5131100,61523000.00,0.08751897,0.028154,4.8747
SH600880,2005-02-28,58.2535,59.2284,56.8398,57.3760,2733100,32494000.00,0.04661732,0.014996,4.8747
SH600880,2005-03-01,57.5223,58.2535,56.6448,57.4735,1677600,19820000.00,0.02861410,0.009205,4.8747
SH600880,2005-03-02,57.5710,59.2284,56.6936,57.0348,1978000,23626000.00,0.03373790,0.010853,4.8747
SH600880,2005-03-03,56.8886,57.7660,56.1573,57.6198,1681700,19715000.00,0.02868404,0.009227,4.8747
SH600880,2005-03-04,57.4248,58.2047,56.5473,57.2298,837800,9866000.00,0.01429000,0.004597,4.8747
SH600880,2005-03-07,57.0348,58.2535,57.0348,57.7173,872200,10331000.00,0.01487674,0.004786,4.8747
SH600880,2005-03-08,57.4248,59.2284,57.4248,58.5947,2883300,34696000.00,0.04917921,0.015820,4.8747
SH600880,2005-03-10,58.9360,59.0335,54.9874,56.4011,1072300,12457000.00,0.01828976,0.005884,4.8747
SH600880,2005-03-11,56.0598,57.0348,55.3286,55.8648,1154200,13320000.00,0.01968669,0.006333,4.8747
SH600880,2005-03-14,55.5724,56.9373,54.6462,56.4986,1642500,18891000.00,0.02801542,0.009012,4.8747
SH600880,2005-03-15,56.4498,56.6936,55.6211,56.2548,920100,10601000.00,0.01569375,0.005049,4.8747
SH600880,2005-03-16,57.4248,58.4972,56.3523,56.7911,2326700,27243000.00,0.03968552,0.012766,4.8747
SH600880,2005-03-17,56.5473,56.9373,55.1336,55.9136,1233100,14238000.00,0.02103246,0.006766,4.8747
SH600880,2005-03-18,55.8161,56.3523,53.1350,53.9149,915100,10291000.00,0.01560847,0.005021,4.8747
SH600880,2005-03-21,53.6225,54.5974,53.1350,53.7687,679300,7515000.00,0.01158653,0.003727,4.8747
SH600880,2005-03-22,53.6712,54.1099,51.1851,52.3063,2040800,21863000.00,0.03480905,0.011198,4.8747
SH600880,2005-03-23,52.1600,52.8912,51.1851,52.3063,1088900,11630000.00,0.01857290,0.005975,4.8747
SH600880,2005-03-24,52.2088,52.7450,51.4288,52.6962,727700,7737000.00,0.01241207,0.003993,4.8747
SH600880,2005-03-25,52.2575,53.6225,52.2575,53.0375,1043800,11339000.00,0.01780365,0.005727,4.8747
SH600880,2005-03-28,52.7937,52.7937,51.2826,52.0625,783100,8324000.00,0.01335700,0.004297,4.8747
SH600880,2005-03-29,51.9163,53.2812,51.1851,52.2575,463200,4971000.00,0.00790060,0.002542,4.8747
SH600880,2005-03-30,52.1600,52.8425,51.4776,52.1113,624000,6659000.00,0.01064330,0.003424,4.8747
SH600880,2005-03-31,51.6725,52.5500,49.9176,52.4525,817500,8640000.00,0.01394375,0.004486,4.8747
SH600880,2005-04-01,52.0625,54.4999,51.5263,53.8174,1226600,13310000.00,0.02092159,0.006730,4.8747
SH600880,2005-04-04,53.3300,53.4762,51.9650,52.8912,719300,7782000.00,0.01226879,0.003947,4.8747
SH600880,2005-04-05,52.5500,53.1350,52.0625,52.3550,528100,5693000.00,0.00900758,0.002898,4.8747
SH600880,2005-04-06,52.0625,53.3787,51.9650,53.2325,882000,9562000.00,0.01504390,0.004839,4.8747
SH600880,2005-04-07,53.2812,55.7674,53.2812,54.7437,2582800,29099000.00,0.04405371,0.014172,4.8747
SH600880,2005-04-08,54.5974,55.6211,53.6225,55.3286,1556500,17426000.00,0.02654855,0.008540,4.8747
SH600880,2005-04-11,54.1099,56.3036,53.1350,54.9386,1363900,15155000.00,0.02326346,0.007484,4.8747
SH600880,2005-04-12,54.5974,54.8411,53.3787,53.7687,484100,5349000.00,0.00825709,0.002656,4.8747
SH600880,2005-04-13,53.6225,55.1336,53.6225,54.2562,1228900,13718000.00,0.02096082,0.006743,4.8747
SH600880,2005-04-14,54.1099,54.5487,52.1113,53.0862,907600,9985000.00,0.01548054,0.004980,4.8747
SH600880,2005-04-15,52.6475,53.0862,51.1851,52.0138,646500,6842000.00,0.01102707,0.003547,4.8747
SH600880,2005-04-18,51.1851,51.8188,50.6976,51.6238,684500,7165000.00,0.01167522,0.003756,4.8747
SH600880,2005-04-19,51.1851,51.9163,49.2352,51.6725,783200,8123000.00,0.01335871,0.004297,4.8747
SH600880,2005-04-20,53.3787,53.3787,50.8438,51.1851,538900,5755000.00,0.00919179,0.002957,4.8747
SH600880,2005-04-21,50.6001,52.3550,49.9664,50.6976,453000,4735000.00,0.00772663,0.002486,4.8747
SH600880,2005-04-22,50.6976,51.1363,49.6251,50.0639,238800,2453000.00,0.00407311,0.001310,4.8747
SH600880,2005-04-25,50.1126,50.6488,48.9914,49.8201,860100,8774000.00,0.01467036,0.004719,4.8747
SH600880,2005-04-26,49.1377,50.0639,48.7477,49.8201,551200,5561000.00,0.00940158,0.003024,4.8747
SH600880,2005-04-27,50.1126,50.5026,48.9427,50.4539,1148600,11691000.00,0.01959118,0.006302,4.8747
SH600880,2005-04-28,50.2101,51.8675,49.3327,51.2826,627900,6558000.00,0.01070982,0.003445,4.8747
SH600880,2005-04-29,50.5026,51.4288,49.2352,50.5026,466300,4784000.00,0.00795348,0.002559,4.8747
SH600880,2005-05-09,50.6001,51.2826,48.7964,50.5026,872600,8895000.00,0.01488356,0.004788,4.8747
SH600880,2005-05-10,49.5276,50.9901,49.1864,50.9413,301400,3103000.00,0.00514085,0.001654,4.8747
SH600880,2005-05-11,49.7226,50.8926,49.3327,50.2101,202400,2080000.00,0.00345225,0.001111,4.8747
SH600880,2005-05-12,49.8201,50.5513,49.2352,49.9664,229500,2348000.00,0.00391448,0.001259,4.8747
SH600880,2005-05-13,49.4789,50.6976,46.3103,48.6502,628500,6271000.00,0.01072006,0.003449,4.8747
SH600880,2005-05-16,47.0415,48.7477,47.0415,48.1140,619600,6114000.00,0.01056825,0.003400,4.8747
SH600880,2005-05-17,48.1140,48.6502,46.4078,48.1140,836100,8198000.00,0.01426100,0.004588,4.8747
SH600880,2005-05-18,47.2852,48.1627,47.1878,47.9677,306400,2998000.00,0.00522613,0.001681,4.8747
SH600880,2005-05-19,47.3340,48.1140,47.0415,47.7727,218000,2132000.00,0.00371833,0.001196,4.8747
SH600880,2005-05-20,47.7727,48.7477,47.7240,48.2115,1007000,9968000.00,0.01717597,0.005525,4.8747
SH600880,2005-05-23,47.8702,48.0652,46.8465,47.3827,233700,2277000.00,0.00398612,0.001282,4.8747
SH600880,2005-05-24,47.2852,48.0165,46.8465,47.4315,289400,2821000.00,0.00493617,0.001588,4.8747
SH600880,2005-05-25,47.4315,47.7240,46.9440,47.2365,180600,1749000.00,0.00308042,0.000991,4.8747
SH600880,2005-05-26,47.0415,47.6752,46.3590,47.0903,168900,1628000.00,0.00288085,0.000927,4.8747
SH600880,2005-05-27,47.0903,47.7240,46.8953,47.2365,225900,2193000.00,0.00385308,0.001239,4.8747
SH600880,2005-05-30,47.2365,47.4315,46.4078,47.0903,162000,1563000.00,0.00276316,0.000889,4.8747
SH600880,2005-05-31,46.7978,47.6265,46.5540,47.0415,319700,3087000.00,0.00545299,0.001754,4.8747
SH600880,2005-06-01,46.8953,47.2365,44.8479,45.9691,184800,1759000.00,0.00315205,0.001014,4.8747
SH600880,2005-06-02,45.8228,46.1153,43.1417,43.9217,249000,2291000.00,0.00424709,0.001366,4.8747
SH600880,2005-06-03,43.8729,44.5066,42.8980,43.9217,712300,6407000.00,0.01214940,0.003908,4.8747
SH600880,2005-06-06,44.1166,45.0916,43.5317,44.2141,708800,6457000.00,0.01208970,0.003889,4.8747
SH600880,2005-06-07,44.1166,45.2866,43.6292,44.3116,992700,9057000.00,0.01693206,0.005447,4.8747
SH600880,2005-06-08,44.1166,47.8702,43.2392,47.6752,2036300,19159000.00,0.03473230,0.011173,4.8747
SH600880,2005-06-09,47.7727,48.6014,46.0666,48.5039,2255100,21895000.00,0.03846427,0.012374,4.8747
SH600880,2005-06-10,47.7727,47.7727,46.3590,46.7978,896600,8603000.00,0.01529292,0.004920,4.8747
SH600880,2005-06-13,46.7490,46.7490,44.8479,46.0666,994300,9361000.00,0.01695935,0.005456,4.8747
SH600880,2005-06-14,45.8228,47.0415,45.0916,46.0666,694100,6584000.00,0.01183897,0.003808,4.8747
SH600880,2005-06-15,45.4328,45.8228,44.3604,45.3353,198000,1839000.00,0.00337720,0.001086,4.8747
SH600880,2005-06-16,44.8479,45.9691,44.8479,45.9691,444400,4145000.00,0.00757994,0.002438,4.8747
SH600880,2005-06-17,45.5791,46.3103,45.0916,45.5303,169800,1593000.00,0.00289621,0.000932,4.8747
SH600880,2005-06-20,44.8966,47.2365,44.8966,47.1878,1424700,13504000.00,0.02430050,0.007817,4.8747
SH600880,2005-06-21,46.6515,47.4802,45.6278,46.3103,531500,5074000.00,0.00906557,0.002916,4.8747
SH600880,2005-06-22,46.0666,46.9440,45.8716,46.7003,606100,5765000.00,0.01033799,0.003326,4.8747
SH600880,2005-06-23,46.3590,46.8953,45.8228,46.3103,463500,4406000.00,0.00790572,0.002543,4.8747
SH600880,2005-06-24,45.9203,47.0415,45.6278,47.0415,269500,2569000.00,0.00459675,0.001479,4.8747
SH600880,2005-06-27,47.3827,50.4539,47.2852,49.4301,1667300,16823000.00,0.02843842,0.009148,4.8747
SH600880,2005-06-28,49.2352,49.2352,47.0415,48.0652,885300,8636000.00,0.01510018,0.004858,4.8747
SH600880,2005-06-29,47.7727,48.2602,47.5290,48.0652,369500,3633000.00,0.00630240,0.002027,4.8747
SH600880,2005-06-30,47.7240,48.1140,47.2852,47.5290,175600,1717000.00,0.00299513,0.000964,4.8747
SH600880,2005-07-01,47.2852,47.8702,46.3590,47.4802,229700,2227000.00,0.00391789,0.001260,4.8747
SH600880,2005-07-04,47.5290,47.5290,46.4078,47.0903,163500,1576000.00,0.00278875,0.000897,4.8747
SH600880,2005-07-05,47.1390,47.3340,46.5540,46.8465,177500,1714000.00,0.00302754,0.000974,4.8747
SH600880,2005-07-06,47.1878,48.3577,46.7003,47.1878,376800,3644000.00,0.00642692,0.002067,4.8747
SH600880,2005-07-07,47.0903,47.2852,46.7003,47.1390,631600,6094000.00,0.01077293,0.003466,4.8747
SH600880,2005-07-08,48.1627,48.1627,46.8953,47.1390,1099900,10745000.00,0.01876052,0.006035,4.8747
SH600880,2005-07-11,47.6752,48.5039,46.6028,47.1390,847100,8237000.00,0.01444862,0.004648,4.8747
SH600880,2005-07-12,46.7978,47.2852,45.3353,47.1878,1275400,12164000.00,0.02175395,0.006998,4.8747
SH600880,2005-07-13,47.2852,47.2852,46.1153,46.6515,283100,2702000.00,0.00482872,0.001553,4.8747
SH600880,2005-07-14,46.6028,46.7978,45.7253,45.9691,274100,2596000.00,0.00467521,0.001504,4.8747
SH600880,2005-07-15,46.0666,46.6515,45.6278,45.9691,183100,1736000.00,0.00312306,0.001005,4.8747
SH600880,2005-07-18,46.0666,46.5540,45.5303,46.0178,270500,2561000.00,0.00461380,0.001484,4.8747
SH600880,2005-07-19,45.8228,46.5053,45.5303,46.0666,198900,1879000.00,0.00339255,0.001091,4.8747
SH600880,2005-07-20,45.9203,46.3590,45.7253,46.3103,286900,2719000.00,0.00489353,0.001574,4.8747
SH600880,2005-07-21,46.0666,46.6028,45.9203,46.4565,501400,4754000.00,0.00855216,0.002751,4.8747
SH600880,2005-07-22,48.9914,48.9914,46.8465,48.1140,1956900,19285000.00,0.03337800,0.010737,4.8747
SH600880,2005-07-25,48.5527,48.5527,47.2852,47.9677,396300,3888000.00,0.00675952,0.002174,4.8747
SH600880,2005-07-26,47.4315,48.6989,46.5540,48.3090,934800,9210000.00,0.01594448,0.005129,4.8747
SH600880,2005-07-27,47.8702,49.5764,47.8702,49.2352,2482000,24832000.00,0.04233441,0.013619,4.8747
SH600880,2005-07-28,49.3327,49.7226,48.7477,49.6251,2617700,26492000.00,0.04464899,0.014363,4.8747
SH600880,2005-07-29,49.7226,50.3076,49.1864,49.6739,2087700,21265000.00,0.03560900,0.011455,4.8747
SH600880,2005-08-01,49.7226,49.9664,49.0889,49.5764,1259900,12793000.00,0.02148957,0.006913,4.8747
SH600880,2005-08-02,49.2352,49.7226,48.3577,49.2839,1270700,12815000.00,0.02167379,0.006972,4.8747
SH600880,2005-08-03,49.2352,50.1126,49.2352,49.6739,1362000,13883000.00,0.02323105,0.007473,4.8747
SH600880,2005-08-04,49.2352,49.5276,48.6014,49.3327,550500,5529000.00,0.00938964,0.003021,4.8747
SH600880,2005-08-05,49.1377,51.6238,49.1377,51.1851,2745100,28555000.00,0.04682199,0.015062,4.8747
SH600880,2005-08-08,50.2101,54.6949,48.7477,53.3787,3102000,33386000.00,0.05290948,0.017020,4.8747
SH600880,2005-08-09,52.6475,54.5974,52.6475,53.5250,1846200,20316000.00,0.03148984,0.010130,4.8747
SH600880,2005-08-10,54.1099,54.4999,52.5500,53.9637,3081100,33725000.00,0.05255300,0.016906,4.8747
SH600880,2005-08-11,53.5250,55.3774,52.2575,55.2311,2083600,22982000.00,0.03553907,0.011433,4.8747
SH600880,2005-08-12,54.9874,56.0111,54.1099,54.8411,1761800,19852000.00,0.03005027,0.009667,4.8747
SH600880,2005-08-15,54.9874,57.5223,54.1099,57.4248,1838200,21195000.00,0.03135339,0.010086,4.8747
SH600880,2005-08-16,57.7660,59.8622,55.8161,57.5223,3292900,39131000.00,0.05616558,0.018068,4.8747
SH600880,2005-08-17,56.9860,57.5223,55.6211,57.3273,1930800,22321000.00,0.03293283,0.010594,4.8747
SH600880,2005-08-18,57.2298,58.7410,54.5974,55.9136,2696200,31914000.00,0.04598793,0.014794,4.8747
SH600880,2005-08-19,54.8899,56.1573,54.6462,55.9623,1632900,18487000.00,0.02785168,0.008960,4.8747
SH600880,2005-08-23,56.3036,57.5223,55.3286,56.9373,1573200,18296000.00,0.02683340,0.008632,4.8747
SH600880,2005-08-24,56.5473,57.4248,55.9623,56.6448,843300,9794000.00,0.01438381,0.004627,4.8747
SH600880,2005-08-25,56.4986,56.7423,55.4749,56.0598,469300,5386000.00,0.00800465,0.002575,4.8747
SH600880,2005-08-26,55.8648,56.4498,55.0849,55.9623,1122200,12812000.00,0.01914088,0.006157,4.8747
SH600880,2005-08-29,55.8161,55.8161,53.6225,54.2562,388400,4321000.00,0.00662477,0.002131,4.8747
SH600880,2005-08-30,53.6225,55.7186,52.6475,55.0849,1886300,20773000.00,0.03217381,0.010350,4.8747
SH600880,2005-08-31,54.9874,56.4498,54.4024,55.9136,1217700,13848000.00,0.02076979,0.006681,4.8747
SH600880,2005-09-01,55.4749,57.4735,55.1336,56.0598,2086700,24085000.00,0.03559195,0.011450,4.8747
SH600880,2005-09-02,55.9623,57.0348,55.5236,55.8161,773100,8912000.00,0.01318644,0.004242,4.8747
SH600880,2005-09-05,58.4972,58.4972,55.3286,56.0111,1782800,20764000.00,0.03040846,0.009782,4.8747
SH600880,2005-09-06,55.9623,56.7911,55.3774,56.0598,1172600,13492000.00,0.02000054,0.006434,4.8747
SH600880,2005-09-07,55.4749,57.6685,54.3537,57.2785,1904000,22040000.00,0.03247571,0.010447,4.8747
SH600880,2005-09-08,56.6448,58.3510,56.0111,57.3273,2948900,34648000.00,0.05029812,0.016180,4.8747
SH600880,2005-09-09,56.9860,57.5223,56.0598,57.1810,2154800,25033000.00,0.03675350,0.011823,4.8747
SH600880,2005-09-12,56.5473,57.0348,55.8161,56.3036,352800,4079000.00,0.00601756,0.001936,4.8747
SH600880,2005-09-13,56.0598,57.2785,55.9136,57.1323,1305200,15137000.00,0.02226224,0.007162,4.8747
SH600880,2005-09-14,56.6448,58.3510,56.3523,57.8148,1968100,23253000.00,0.03356904,0.010799,4.8747
SH600880,2005-09-15,57.4248,58.0585,56.3036,57.9123,2789200,32622000.00,0.04757419,0.015304,4.8747
SH600880,2005-09-16,57.6685,58.0097,56.5473,57.0835,1585800,18557000.00,0.02704831,0.008701,4.8747
SH600880,2005-09-19,56.5961,57.3760,56.1573,57.1810,1413400,16491000.00,0.02410776,0.007755,4.8747
SH600880,2005-09-20,55.6211,57.2298,55.6211,56.6448,1031900,11882000.00,0.01760068,0.005662,4.8747
SH600880,2005-09-21,56.4986,56.8398,54.9874,55.7186,1138400,13046000.00,0.01941720,0.006246,4.8747
SH600880,2005-09-22,55.7186,56.4986,55.0849,55.8161,2203000,25301000.00,0.03757563,0.012088,4.8747
SH600880,2005-09-23,55.8161,56.3523,55.5724,56.0598,950800,10916000.00,0.01621739,0.005217,4.8747
SH600880,2005-09-26,56.1573,57.5223,56.1573,57.1323,2056700,24081000.00,0.03508025,0.011285,4.8747
SH600880,2005-09-27,57.0348,58.2535,56.7911,57.4735,2085300,24658000.00,0.03556807,0.011442,4.8747
SH600880,2005-09-28,57.2785,58.9847,56.9373,58.1072,2404300,28842000.00,0.04100911,0.013192,4.8747
SH600880,2005-09-29,58.7410,62.1046,57.6198,61.6658,4639000,57451000.00,0.07912543,0.025454,4.8747
SH600880,2005-09-30,62.0071,62.2995,59.9597,61.8608,2587800,32306000.00,0.04413900,0.014199,4.8747
SH600880,2005-10-10,61.7633,62.6408,60.6421,61.5196,1337500,16920000.00,0.02281316,0.007339,4.8747
SH600880,2005-10-11,60.9834,62.9820,60.1546,62.6895,1976600,24853000.00,0.03371402,0.010845,4.8747
SH600880,2005-10-12,62.2021,64.8344,61.9096,62.8845,3057000,39718000.00,0.05214194,0.016773,4.8747
SH600880,2005-10-13,62.6408,62.6408,60.4471,61.7633,1021100,12847000.00,0.01741647,0.005603,4.8747
SH600880,2005-10-14,60.8371,61.8121,59.8134,60.7396,571400,7137000.00,0.00974612,0.003135,4.8747
SH600880,2005-10-17,60.4471,61.7146,59.9597,60.8859,1090300,13654000.00,0.01859678,0.005982,4.8747
SH600880,2005-10-18,60.6909,62.6408,60.3496,61.9096,1849200,23293000.00,0.03154101,0.010146,4.8747
SH600880,2005-10-19,61.4708,62.1533,58.3022,58.7410,1958300,24115000.00,0.03340188,0.010745,4.8747
SH600880,2005-10-20,58.7410,59.8134,57.8148,58.3022,1145200,13834000.00,0.01953319,0.006284,4.8747
SH600880,2005-10-21,58.4485,58.5460,56.8886,58.1072,1020100,12114000.00,0.01739941,0.005597,4.8747
SH600880,2005-10-24,57.3760,59.4234,57.3760,58.0097,848700,10174000.00,0.01447591,0.004657,4.8747
SH600880,2005-10-25,57.5710,57.9123,55.5724,56.1086,900700,10470000.00,0.01536285,0.004942,4.8747
SH600880,2005-10-26,55.0849,56.6936,54.8411,55.8161,541200,6197000.00,0.00923102,0.002970,4.8747
SH600880,2005-10-27,55.1824,57.4248,55.1824,57.4248,1620500,18856000.00,0.02764017,0.008892,4.8747
SH600880,2005-10-28,57.2785,57.7173,55.5236,56.4011,423800,4917000.00,0.00722857,0.002325,4.8747
SH600880,2005-10-31,56.0598,57.2298,56.0598,56.9860,974000,11352000.00,0.01661310,0.005344,4.8747
SH600880,2005-11-01,55.0361,57.0835,55.0361,55.9136,408600,4659000.00,0.00696932,0.002242,4.8747
SH600880,2005-11-02,55.6211,57.3760,55.6211,56.9373,1559300,18130000.00,0.02659631,0.008556,4.8747
SH600880,2005-11-03,56.3523,57.2785,55.5724,56.0598,661200,7652000.00,0.01127780,0.003628,4.8747
SH600880,2005-11-04,55.5724,58.1072,55.5724,57.8148,1848400,21482000.00,0.03152737,0.010142,4.8747
SH600880,2005-11-07,57.9123,61.4221,57.0348,59.9597,1536700,18361000.00,0.02621083,0.008432,4.8747
SH600880,2005-11-08,61.0809,61.0809,58.7897,59.2284,2399800,29400000.00,0.04093236,0.013167,4.8747
SH600880,2005-11-09,58.4972,60.2521,58.4972,59.4234,651100,7946000.00,0.01110553,0.003573,4.8747
SH600880,2005-11-10,59.2284,59.4234,56.8398,58.3510,600600,7140000.00,0.01024418,0.003295,4.8747
SH600880,2005-11-11,58.0097,58.4485,56.5473,58.1560,513900,6064000.00,0.00876537,0.002820,4.8747
SH600880,2005-11-14,57.5710,58.2047,57.3760,57.9610,228000,2708000.00,0.00388890,0.001251,4.8747
SH600880,2005-11-15,57.7660,58.4485,56.8398,57.8148,627500,7448000.00,0.01070300,0.003443,4.8747
SH600880,2005-11-16,57.5223,57.8148,55.5724,56.6936,505000,5805000.00,0.00861357,0.002771,4.8747
SH600880,2005-11-17,56.0598,57.1810,55.7186,56.8398,371900,4314000.00,0.00634334,0.002041,4.8747
SH600880,2005-11-18,56.1086,58.3510,56.0598,57.7173,1091700,12815000.00,0.01862066,0.005990,4.8747
SH600880,2005-11-21,57.3273,59.1309,57.3273,58.4972,1794800,21481000.00,0.03061313,0.009848,4.8747
SH600880,2005-11-22,58.0097,58.8385,56.0598,57.2785,675300,8002000.00,0.01151830,0.003705,4.8747
SH600880,2005-11-23,56.9860,57.7660,56.7911,57.4735,609200,7150000.00,0.01039086,0.003343,4.8747
SH600880,2005-11-24,57.0348,57.7173,56.4498,56.8886,693600,8138000.00,0.01183044,0.003806,4.8747
SH600880,2005-11-25,57.6198,57.6198,56.1573,56.5473,660600,7734000.00,0.01126757,0.003625,4.8747
SH600880,2005-12-12,56.8886,57.4735,56.3523,56.5961,436100,5079000.00,0.00743837,0.002393,4.8747
SH600880,2005-12-13,57.7660,57.7660,55.0361,55.0849,940300,10861000.00,0.01603829,0.005159,4.8747
SH600880,2005-12-14,55.0849,55.0849,53.0375,53.7687,3277800,36083000.00,0.05590803,0.017985,4.8747
SH600880,2005-12-15,53.8174,55.3286,53.8174,55.2311,1578100,17630000.00,0.02691698,0.008659,4.8747
SH600880,2005-12-16,55.2311,56.4498,54.5974,56.3036,889600,10153000.00,0.01517353,0.004881,4.8747
SH600880,2005-12-19,55.8161,58.1560,55.3774,57.7660,1596800,18691000.00,0.02723593,0.008761,4.8747
SH600880,2005-12-20,57.9123,59.9597,57.2785,58.4972,1686600,20331000.00,0.02876761,0.009254,4.8747
SH600880,2006-01-18,69.6068,69.6068,63.0932,64.4342,5633000,56522000.00,0.07334326,0.030908,6.3859
SH600880,2006-01-19,64.6258,64.6897,63.2209,63.7318,2137300,21343000.00,0.02782825,0.011727,6.3859
SH600880,2006-01-20,63.8595,64.0511,61.6244,62.9016,3126000,30673000.00,0.04070141,0.017152,6.3859
SH600880,2006-01-23,62.2630,64.2426,62.2630,62.9654,1858700,18405000.00,0.02420080,0.010199,6.3859
SH600880,2006-01-24,63.4125,63.7956,61.3051,62.0076,1703200,16545000.00,0.02217615,0.009345,6.3859
SH600880,2006-01-25,61.9437,62.2630,61.3051,61.6244,1916500,18521000.00,0.02495337,0.010516,6.3859
SH600880,2006-02-06,61.8160,64.3065,61.7521,63.9233,2570200,25613000.00,0.03346473,0.014102,6.3859
SH600880,2006-02-07,64.1788,66.7332,63.2847,63.7318,5635000,57436000.00,0.07336930,0.030919,6.3859
SH600880,2006-02-08,63.6679,64.0511,61.9437,62.5823,2333500,22965000.00,0.03038283,0.012804,6.3859
SH600880,2006-02-09,62.0714,62.6461,60.7942,61.1774,1991300,19182000.00,0.02592729,0.010926,6.3859
SH600880,2006-02-10,60.9858,62.3907,60.9219,61.3051,2771300,26660000.00,0.03608311,0.015206,6.3859
SH600880,2006-02-13,61.1135,61.4328,59.3893,59.9640,1363000,12842000.00,0.01774665,0.007479,6.3859
SH600880,2006-02-14,59.7086,61.4967,59.7086,60.6665,2002000,19109000.00,0.02606661,0.010985,6.3859
SH600880,2006-02-15,60.4749,61.8160,60.2833,60.5388,2026900,19309000.00,0.02639081,0.011121,6.3859
SH600880,2006-02-16,60.3472,60.3472,56.8349,57.6651,2000300,18388000.00,0.02604447,0.010975,6.3859
SH600880,2006-02-17,57.4735,57.9205,56.0686,57.2819,1422100,12700000.00,0.01851615,0.007803,6.3859
SH600880,2006-02-20,57.2819,58.6869,57.2819,58.0483,1716900,15579000.00,0.02235453,0.009420,6.3859
SH600880,2006-02-21,57.7928,59.0062,57.6012,58.3676,1730300,15784000.00,0.02252900,0.009494,6.3859
SH600880,2006-02-22,58.4953,58.8146,56.7072,56.8349,1767000,15934000.00,0.02300684,0.009695,6.3859
SH600880,2006-02-23,56.1963,57.6651,56.1963,57.2181,1033200,9201000.00,0.01345256,0.005669,6.3859
SH600880,2006-02-24,57.2181,58.6230,56.9627,58.4953,2370400,21595000.00,0.03086328,0.013006,6.3859
SH600880,2006-02-27,58.4314,58.6869,56.9627,57.4097,1337700,12119000.00,0.01741723,0.007340,6.3859
SH600880,2006-02-28,57.4097,58.3676,57.0265,58.3037,3105700,27967000.00,0.04043710,0.017041,6.3859
SH600880,2006-03-01,58.4314,58.5591,57.6012,57.7928,2733500,24836000.00,0.03559095,0.014998,6.3859
SH600880,2006-03-02,57.5374,58.0483,56.2602,56.6434,1620100,14481000.00,0.02109416,0.008889,6.3859
SH600880,2006-03-03,56.1963,57.2819,54.9191,56.0686,1652600,14493000.00,0.02151732,0.009068,6.3859
SH600880,2006-03-06,56.0686,58.0483,56.0686,56.8988,2518400,22567000.00,0.03279028,0.013818,6.3859
SH600880,2006-03-07,57.1542,57.6651,54.7914,55.1746,1570500,13702000.00,0.02044836,0.008617,6.3859
SH600880,2006-03-08,55.0469,56.5156,53.5142,54.4721,2081300,17699000.00,0.02709912,0.011420,6.3859
SH600880,2006-03-09,53.8974,54.7914,53.0034,54.5360,1163200,9850000.00,0.01514519,0.006382,6.3859
SH600880,2006-03-10,54.4721,55.6855,54.0890,54.7914,2116100,18221000.00,0.02755222,0.011611,6.3859
SH600880,2006-03-13,54.9191,55.8770,54.5998,55.3662,3698600,31921000.00,0.04815682,0.020294,6.3859
SH600880,2006-03-14,55.3662,55.8770,54.4721,54.9830,1272400,10933000.00,0.01656701,0.006982,6.3859
SH600880,2006-03-15,54.8553,55.8132,54.2806,55.2384,4179800,36105000.00,0.05442218,0.022934,6.3859
SH600880,2006-03-16,55.2384,55.3023,53.8335,54.1528,1832100,15607000.00,0.02385446,0.010053,6.3859
SH600880,2006-03-17,53.8335,54.7276,53.7058,53.9613,2840600,24089000.00,0.03698542,0.015586,6.3859
SH600880,2006-03-20,53.9613,55.7493,53.9613,55.6855,3975400,34283000.00,0.05176084,0.021813,6.3859
SH600880,2006-03-21,55.6855,57.1542,55.6216,57.0265,5511800,48663000.00,0.07176520,0.030243,6.3859
SH600880,2006-03-22,57.1542,57.3458,56.3879,57.0904,2592100,23052000.00,0.03374988,0.014223,6.3859
SH600880,2006-03-23,56.8349,58.7507,56.4518,58.4953,3949400,35783000.00,0.05142231,0.021670,6.3859
SH600880,2006-03-24,58.4314,58.4314,57.1542,57.4097,2670100,24092000.00,0.03476546,0.014651,6.3859
SH600880,2006-03-27,57.4097,57.7290,56.0686,56.9627,1940800,17262000.00,0.02526977,0.010649,6.3859
SH600880,2006-03-28,56.8349,58.9423,56.7072,58.5591,3681800,33634000.00,0.04793808,0.020202,6.3859
SH600880,2006-03-29,58.6230,59.8363,58.0483,59.1339,4799300,44343000.00,0.06248825,0.026333,6.3859
SH600880,2006-03-30,58.6869,58.8784,57.4735,57.6012,2559700,23347000.00,0.03332802,0.014045,6.3859
SH600880,2006-03-31,57.7290,59.7086,57.4097,58.9423,5429300,49919000.00,0.07069103,0.029790,6.3859
SH600880,2006-04-03,58.9423,60.6026,58.9423,60.5388,6145900,57597000.00,0.08002136,0.033722,6.3859
SH600880,2006-04-04,60.6665,61.0497,59.6448,60.4111,4137500,39099000.00,0.05387143,0.022702,6.3859
SH600880,2006-04-05,60.4111,61.5605,59.7725,60.9858,5573500,53049000.00,0.07256855,0.030581,6.3859
SH600880,2006-04-07,61.1774,61.6244,58.9423,59.6448,4102800,38490000.00,0.05341962,0.022512,6.3859
SH600880,2006-04-10,59.8363,61.4967,59.8363,61.4328,4791700,45767000.00,0.06238930,0.026292,6.3859
SH600880,2006-04-11,61.3690,62.0076,59.5809,61.3051,5432900,51776000.00,0.07073790,0.029810,6.3859
SH600880,2006-04-12,61.0497,61.3051,59.8363,59.9002,2686400,25505000.00,0.03497769,0.014740,6.3859
SH600880,2006-04-13,59.9640,61.1774,57.3458,58.1760,3995500,37103000.00,0.05202254,0.021923,6.3859
SH600880,2006-04-14,57.5374,59.1977,57.2819,58.8784,3713100,33915000.00,0.04834562,0.020373,6.3859
SH600880,2006-04-17,58.7507,59.7086,57.6651,58.4314,2693800,24781000.00,0.03507404,0.014781,6.3859
SH600880,2006-04-18,58.4314,61.2412,57.8567,60.9219,6776100,63660000.00,0.08822675,0.037180,6.3859
SH600880,2006-04-19,60.7942,61.3690,59.4532,60.8581,4010400,38052000.00,0.05221655,0.022005,6.3859
SH600880,2006-04-20,60.6665,61.5605,59.4532,60.0279,3644400,34372000.00,0.04745112,0.019996,6.3859
SH600880,2006-04-21,59.7086,60.9858,58.4953,59.6448,6222000,58468000.00,0.08101221,0.034140,6.3859
SH600880,2006-04-24,59.5809,59.6448,53.7058,56.5156,7679200,67123000.00,0.09998537,0.042135,6.3859
SH600880,2006-04-25,55.8132,55.8132,53.7697,54.2806,3247700,27810000.00,0.04228598,0.017820,6.3859
SH600880,2006-04-26,54.2806,55.2384,52.8756,54.2806,3078900,26042000.00,0.04008815,0.016894,6.3859
SH600880,2006-04-27,54.5998,56.0686,53.0034,55.9409,3968600,33889000.00,0.05167230,0.021775,6.3859
SH600880,2006-04-28,55.4939,55.7493,53.3865,54.8553,2393400,20556000.00,0.03116275,0.013132,6.3859
SH600880,2006-05-08,54.6637,56.5795,54.5360,56.1325,4201100,36535000.00,0.05469952,0.023051,6.3859
SH600880,2006-05-09,56.0686,58.8784,55.2384,57.9844,5710900,51142000.00,0.07435754,0.031335,6.3859
SH600880,2006-05-10,57.9844,63.7956,57.1542,63.7956,9145900,87468000.00,0.11908222,0.050183,6.3859
SH600880,2006-05-11,66.3500,70.1816,65.4560,69.4153,16654800,178362000.00,0.21685023,0.091383,6.3859
SH600880,2006-05-12,68.9682,72.7360,67.6911,70.5647,9593600,106478000.00,0.12491140,0.052639,6.3859
SH600880,2006-05-15,70.2454,77.3977,67.0525,76.5675,10146600,113590000.00,0.13211161,0.055673,6.3859
SH600880,2006-05-16,76.6314,76.6314,70.2454,71.3310,6066500,68879000.00,0.07898755,0.033286,6.3859
SH600880,2006-05-17,71.2004,75.4463,69.7633,74.3359,4825900,53762000.00,0.06283459,0.026479,6.5321
SH600880,2006-05-18,73.4867,77.5366,71.3964,72.8335,2677000,29826000.00,0.03485530,0.014688,6.5321
SH600880,2006-05-19,73.0294,76.1649,71.3964,75.5770,4663100,53137000.00,0.06071489,0.025586,6.5321
SH600880,2006-05-22,75.1197,79.4963,74.7931,78.8430,7747000,92269000.00,0.10086814,0.042507,6.5321
SH600880,2006-05-23,78.3205,78.3205,74.2052,75.9036,4347100,50802000.00,0.05660048,0.023852,6.5321
SH600880,2006-05-24,75.8382,78.0592,74.0746,76.0995,3348900,39179000.00,0.04360363,0.018375,6.5321
SH600880,2006-05-25,75.7729,78.3205,74.5318,78.3205,2947500,34764000.00,0.03837729,0.016173,6.5321
SH600880,2006-05-26,77.7326,84.8526,77.7326,83.2849,5706800,72165000.00,0.07430416,0.031313,6.5321
SH600880,2006-05-29,84.9179,89.4251,81.1946,88.7066,6241200,81332000.00,0.08126220,0.034245,6.5321
SH600880,2006-05-30,90.1437,92.1033,85.5712,89.4904,3567800,49112000.00,0.04645377,0.019576,6.5321
SH600880,2006-05-31,88.8372,90.9275,85.5712,88.9026,3510800,47496000.00,0.04571161,0.019263,6.5321
SH600880,2006-06-01,88.5106,93.9323,87.5308,89.2292,5238000,73620000.00,0.06820025,0.028740,6.5321
SH600880,2006-06-02,90.4703,98.1782,88.8372,97.9169,9011200,130756000.00,0.11732838,0.049444,6.5321
SH600880,2006-06-05,97.9822,102.8814,94.8468,100.9870,4262100,64513000.00,0.05549375,0.023386,6.5321
SH600880,2006-06-06,100.9870,102.6854,97.9822,100.1379,3789300,58647000.00,0.04933776,0.020792,6.5321
SH600880,2006-06-07,102.8160,102.8160,91.4501,92.6912,3431600,49753000.00,0.04468041,0.018829,6.5321
SH600880,2006-06-08,92.4952,95.3694,89.4904,95.3041,2783400,39264000.00,0.03624066,0.015272,6.5321
SH600880,2006-06-09,94.2589,96.6758,91.7114,92.4299,2848700,41128000.00,0.03709088,0.015631,6.5321
SH600880,2006-06-12,88.2493,92.6259,88.2493,89.8824,1596700,22275000.00,0.02078949,0.008761,6.5321
SH600880,2006-06-13,89.6211,92.4952,86.7469,91.5807,1619500,22592000.00,0.02108635,0.008886,6.5321
SH600880,2006-06-14,89.3598,91.5807,88.1840,90.6662,1349300,18551000.00,0.01756827,0.007403,6.5321
SH600880,2006-06-15,89.4251,93.8017,89.4251,92.8218,1659000,23397000.00,0.02160065,0.009103,6.5321
SH600880,2006-06-16,92.4299,97.3290,92.4299,94.5202,3202100,46718000.00,0.04169225,0.017570,6.5321
SH600880,2006-06-19,93.8017,95.2387,92.4952,94.1283,1609300,23208000.00,0.02095354,0.008830,6.5321
SH600880,2006-06-20,94.3242,96.1532,92.7565,95.8920,2960300,42925000.00,0.03854395,0.016243,6.5321
SH600880,2006-06-21,95.3694,97.2637,93.8017,96.9371,1894300,27808000.00,0.02466432,0.010394,6.5321
SH600880,2006-06-22,96.6758,97.6556,93.8017,96.0879,1419500,20821000.00,0.01848229,0.007789,6.5321
SH600880,2006-06-23,94.8468,96.0226,92.7565,93.8017,1142500,16468000.00,0.01487567,0.006269,6.5321
SH600880,2006-06-26,94.1936,99.2887,94.1283,98.7008,3052300,45553000.00,0.03974181,0.016748,6.5321
SH600880,2006-06-27,98.5048,100.7257,96.0226,99.8766,3805500,57723000.00,0.04954869,0.020880,6.5321
SH600880,2006-06-28,100.0072,100.9870,98.3089,99.2887,1859600,28239000.00,0.02421252,0.010203,6.5321
SH600880,2006-06-29,99.3540,101.3136,97.7863,99.1580,1237700,18889000.00,0.01611521,0.006791,6.5321
SH600880,2006-06-30,99.6153,99.8112,94.1936,97.5903,2301500,33848000.00,0.02996618,0.012628,6.5321
SH600880,2006-07-03,94.9121,97.7863,94.9121,97.5903,3141800,46536000.00,0.04090713,0.017239,6.5321
SH600880,2006-07-04,96.8065,98.6355,93.8017,94.6508,877400,12861000.00,0.01142400,0.004814,6.5321
SH600880,2006-07-05,98.5048,98.5048,90.4049,94.3896,1513500,21875000.00,0.01970620,0.008304,6.5321
SH600880,2006-07-06,94.3896,97.1984,92.4299,94.3896,2720900,39790000.00,0.03542689,0.014929,6.5321
SH600880,2006-07-07,94.3896,96.2186,93.0831,95.8266,1235700,17977000.00,0.01608916,0.006780,6.5321
SH600880,2006-07-10,95.3694,96.0226,91.5154,93.6057,1319600,18743000.00,0.01718157,0.007241,6.5321
SH600880,2006-07-11,93.0831,94.3896,89.6211,90.1437,1059400,14783000.00,0.01379369,0.005813,6.5321
SH600880,2006-07-12,90.1437,92.0380,89.6211,90.4049,1207100,16742000.00,0.01571678,0.006623,6.5321
SH600880,2006-07-13,90.9275,91.7767,86.5510,88.1840,1715300,23415000.00,0.02233369,0.009412,6.5321
SH600880,2006-07-14,88.0534,89.6211,86.7469,88.9026,1643800,22207000.00,0.02140274,0.009019,6.5321
SH600880,2006-07-17,88.5106,89.1638,84.9179,87.8574,1792600,23854000.00,0.02334016,0.009836,6.5321
SH600880,2006-07-18,87.3348,88.1840,84.1341,86.8123,1252800,16399000.00,0.01631181,0.006874,6.5321
SH600880,2006-07-19,85.5712,86.8123,84.1341,86.2244,792500,10341000.00,0.01031858,0.004348,6.5321
SH600880,2006-07-20,85.7018,87.4002,84.7220,86.5510,1125400,14792000.00,0.01465303,0.006175,6.5321
SH600880,2006-07-21,85.8324,89.4904,85.8324,87.9227,1739100,23350000.00,0.02264358,0.009542,6.5321
SH600880,2006-07-24,88.3147,88.3147,84.1994,85.1792,1328400,17305000.00,0.01729615,0.007289,6.5321
SH600880,2006-07-25,84.9833,86.5510,84.5913,85.8324,1321000,17279000.00,0.01719980,0.007248,6.5321
SH600880,2006-07-26,85.5712,86.3550,84.9179,85.7671,589100,7734000.00,0.00767025,0.003232,6.5321
SH600880,2006-07-27,89.8171,94.3242,89.8171,94.3242,6124600,88132000.00,0.07974403,0.033605,6.5321
SH600880,2006-07-28,94.3242,94.5855,90.1437,94.4549,6388600,90350000.00,0.08318139,0.035054,6.5321
SH600880,2006-07-31,94.7162,95.6960,90.4049,91.7114,1546000,21816000.00,0.02012936,0.008483,6.5321
SH600880,2006-08-01,91.7114,92.1033,88.9026,90.7316,1006800,13933000.00,0.01310882,0.005524,6.5321
SH600880,2006-08-02,89.0985,91.3194,86.5510,91.0582,850800,11771000.00,0.01107766,0.004668,6.5321
SH600880,2006-08-03,90.7969,96.7411,89.2292,92.8218,2598500,36768000.00,0.03383321,0.014258,6.5321
SH600880,2006-08-04,92.6259,94.7162,90.9275,92.9525,2820800,40233000.00,0.03672762,0.015477,6.5321
SH600880,2006-08-07,91.9727,93.3444,90.1437,91.1888,908800,12679000.00,0.01183283,0.004987,6.5321
SH600880,2006-08-08,89.6864,91.4501,88.8372,90.7969,1910200,26292000.00,0.02487135,0.010481,6.5321
SH600880,2006-08-09,90.4049,91.4501,88.5106,88.5759,1674200,23035000.00,0.02179856,0.009186,6.5321
SH600880,2006-08-10,88.1840,90.6662,86.5510,90.0783,1142300,15662000.00,0.01487307,0.006268,6.5321
SH600880,2006-08-11,91.7767,97.7863,90.7969,93.1485,4307300,62318000.00,0.05608227,0.023634,6.5321
SH600880,2006-08-14,91.4501,94.7162,88.8372,90.7969,2125200,30129000.00,0.02767071,0.011661,6.5321
SH600880,2006-08-15,89.8171,91.2541,87.5308,89.9477,1367400,18547000.00,0.01780394,0.007503,6.5321
SH600880,2006-08-16,89.4904,91.5807,88.8372,91.3194,1192100,16569000.00,0.01552148,0.006541,6.5321
SH600880,2006-08-17,90.7969,90.7969,86.8776,90.2743,1078000,14545000.00,0.01403587,0.005915,6.5321
SH600880,2006-08-18,89.4251,89.8171,86.8776,88.3147,952600,12821000.00,0.01240312,0.005227,6.5321
SH600880,2006-08-21,86.2244,90.0130,81.8478,89.5558,1075800,14509000.00,0.01400722,0.005903,6.5321
SH600880,2006-08-22,89.0985,91.1235,88.5759,89.8824,1418000,19447000.00,0.01846276,0.007780,6.5321
SH600880,2006-08-23,90.7316,90.7316,87.8574,89.2292,1438300,19669000.00,0.01872707,0.007892,6.5321
SH600880,2006-08-24,89.0985,89.0985,86.8123,88.1840,972200,13075000.00,0.01265832,0.005334,6.5321
SH600880,2006-08-25,88.2493,90.3396,87.6614,89.2292,764100,10429000.00,0.00994880,0.004193,6.5321
SH600880,2006-08-28,90.0130,90.0130,87.8574,89.7517,1738600,23577000.00,0.02263707,0.009540,6.5321
SH600880,2006-08-29,89.0332,92.4299,88.5106,90.3396,2679200,37097000.00,0.03488395,0.014701,6.5321
SH600880,2006-08-30,90.1437,93.4097,89.6864,92.3646,2182700,30612000.00,0.02841937,0.011976,6.5321
SH600880,2006-08-31,91.4501,93.0831,86.2244,92.6259,2555500,35515000.00,0.03327334,0.014022,6.5321
SH600880,2006-09-01,92.1033,92.1033,88.8372,90.6009,1069000,14752000.00,0.01391868,0.005866,6.5321
SH600880,2006-09-04,90.2743,92.1033,89.4904,91.4501,1308100,18203000.00,0.01703183,0.007177,6.5321
SH600880,2006-09-05,91.6461,93.9976,90.8622,93.9323,1928600,27390000.00,0.02511092,0.010582,6.5321
SH600880,2006-09-06,94.3896,97.3944,91.5807,96.1532,2823900,41387000.00,0.03676798,0.015494,6.5321
SH600880,2006-09-07,95.9573,96.6758,92.8218,93.4097,926300,13365000.00,0.01206069,0.005083,6.5321
SH600880,2006-09-08,93.9976,94.0630,90.9928,91.7767,1145700,16103000.00,0.01491734,0.006286,6.5321
SH600880,2006-09-11,91.5154,92.7565,89.4904,92.2993,947300,13232000.00,0.01233412,0.005198,6.5321
SH600880,2006-09-12,92.1033,93.0831,89.5558,91.3194,1249200,17446000.00,0.01626494,0.006854,6.5321
SH600880,2006-09-13,90.3396,92.2993,89.6864,90.5356,780700,10808000.00,0.01016494,0.004284,6.5321
SH600880,2006-09-14,90.1437,91.0582,88.5759,90.9275,497400,6809000.00,0.00647629,0.002729,6.5321
SH600880,2006-09-15,90.6009,91.4501,90.1437,90.6009,383600,5315000.00,0.00499458,0.002105,6.5321
SH600880,2006-09-18,91.2541,92.2340,89.6211,91.3848,796000,11119000.00,0.01036415,0.004368,6.5321
SH600880,2006-09-19,91.9073,92.1686,90.0130,90.3396,927800,12863000.00,0.01208022,0.005091,6.5321
SH600880,2006-09-20,89.8171,90.4703,89.0985,90.2090,551900,7574000.00,0.00718589,0.003028,6.5321
SH600880,2006-09-21,89.8171,90.1437,88.7719,88.9679,1002700,13720000.00,0.01305544,0.005502,6.5321
SH600880,2006-09-22,88.8372,89.1638,86.8776,87.5308,966900,12989000.00,0.01258931,0.005305,6.5321
SH600880,2006-09-25,89.4904,93.7363,87.9227,93.6057,2693400,37752000.00,0.03506883,0.014778,6.5321
SH600880,2006-09-26,93.6057,95.3041,92.1033,92.6259,1474100,21155000.00,0.01919320,0.008088,6.5321
SH600880,2006-09-27,92.4299,95.2387,91.4501,93.5404,1956600,27666000.00,0.02547549,0.010736,6.5321
SH600880,2006-09-28,92.9525,97.3290,91.9727,96.6758,3076900,45028000.00,0.04006211,0.016883,6.5321
SH600880,2006-09-29,96.5452,99.2234,95.4347,97.3290,2868400,42893000.00,0.03734738,0.015739,6.5321
SH600880,2006-10-10,99.9419,99.9419,94.7162,96.0879,1986600,29436000.00,0.02586610,0.010900,6.5321
SH600880,2006-10-11,95.8920,96.8065,94.0630,95.1081,1550900,22652000.00,0.02019316,0.008510,6.5321
SH600880,2006-10-12,95.3041,99.2887,94.1936,95.6307,2004400,29745000.00,0.02609786,0.010998,6.5321
SH600880,2006-10-13,95.0428,96.9371,93.9323,95.9573,1172300,17081000.00,0.01526368,0.006432,6.5321
SH600880,2006-10-16,96.1532,96.6758,93.0831,93.6057,795800,11526000.00,0.01036154,0.004366,6.5321
SH600880,2006-10-17,92.4952,93.8017,92.4952,93.6057,375500,5353000.00,0.00488912,0.002060,6.5321
SH600880,2006-10-18,93.6057,95.8920,92.6912,95.8266,680700,9824000.00,0.00886291,0.003735,6.5321
SH600880,2006-10-19,95.1081,97.3290,93.0831,96.2186,964500,14177000.00,0.01255806,0.005292,6.5321
SH600880,2006-10-20,96.0879,105.8208,96.0879,105.4942,4678000,74196000.00,0.06090889,0.025668,6.5321
SH600880,2006-10-23,104.3838,106.2128,101.2483,104.1878,1848700,29394000.00,0.02407060,0.010144,6.5321
SH600880,2006-10-24,103.8612,105.3636,101.2483,104.1878,1715000,27142000.00,0.02232979,0.009410,6.5321
SH600880,2006-10-25,103.2080,108.6950,103.2080,105.3636,1777400,28715000.00,0.02314225,0.009752,6.5321
SH600880,2006-10-26,105.1676,106.8007,102.5548,105.3636,1711200,27356000.00,0.02228031,0.009389,6.5321
SH600880,2006-10-27,105.1676,106.8007,103.3386,104.5797,999100,16038000.00,0.01300857,0.005482,6.5321
SH600880,2006-10-30,104.5797,104.5797,100.2685,101.3136,716900,11222000.00,0.00933424,0.003934,6.5321
SH600880,2006-10-31,100.5951,102.4894,99.3540,101.6403,865900,13289000.00,0.01127426,0.004751,6.5321
SH600880,2006-11-01,100.9217,102.9467,100.0072,100.6604,309000,4765000.00,0.00402327,0.001695,6.5321
SH600880,2006-11-02,100.6604,102.5548,99.9419,101.1177,706400,10941000.00,0.00919753,0.003876,6.5321
SH600880,2006-11-03,100.6604,101.5096,99.9419,101.2483,892600,13742000.00,0.01162191,0.004898,6.5321
SH600880,2006-11-06,99.4846,101.2483,98.8967,99.8112,562600,8582000.00,0.00732521,0.003087,6.5321
SH600880,2006-11-07,99.2887,99.3540,97.7863,99.0927,1332200,20018000.00,0.01734562,0.007310,6.5321
SH600880,2006-11-08,98.9621,104.5144,97.0677,99.3540,1103500,16886000.00,0.01436788,0.006055,6.5321
SH600880,2006-11-09,99.2887,99.2887,97.3290,98.3089,1238900,18579000.00,0.01613083,0.006798,6.5321
SH600880,2006-11-10,97.9822,97.9822,95.3694,95.9573,1096900,16220000.00,0.01428195,0.006019,6.5321
SH600880,2006-11-13,95.4347,96.0226,90.2090,91.6461,641500,9082000.00,0.00835251,0.003520,6.5321
SH600880,2006-11-14,92.6912,94.5202,89.8171,93.6710,318100,4445809.00,0.00414175,0.001745,6.5321
SH600880,2006-11-15,93.8670,95.1734,91.7767,94.3896,1566600,22582156.00,0.02039758,0.008596,6.5321
SH600880,2006-11-16,94.3242,94.9775,91.9073,94.7815,1676900,24036618.00,0.02183371,0.009201,6.5321
SH600880,2006-11-17,94.7162,101.8362,92.4952,101.5096,3665500,55366172.00,0.04772585,0.020112,6.5321
SH600880,2006-11-20,101.2483,101.2483,97.6556,98.3089,1993000,30125508.00,0.02594943,0.010935,6.5321
SH600880,2006-11-21,98.3089,98.9621,96.8718,97.9822,3296200,49452784.00,0.04291746,0.018086,6.5321
SH600880,2006-11-22,97.9822,103.0120,97.3290,100.7911,1892700,28891932.00,0.02464349,0.010385,6.5321
SH600880,2006-11-23,101.0524,102.1628,99.6153,100.3991,1287700,19890120.00,0.01676622,0.007065,6.5321
SH600880,2006-11-24,100.3991,100.3991,97.6556,98.8967,2024100,30437066.00,0.02635436,0.011106,6.5321
SH600880,2006-11-27,98.5048,108.7603,98.3742,107.5192,3581800,57092160.00,0.04663605,0.019653,6.5321
SH600880,2006-11-28,106.4740,115.0312,104.5797,114.1167,3563500,61326880.00,0.04639778,0.019553,6.5321
SH600880,2006-11-29,111.0466,115.6191,110.0667,113.3328,2999000,51671648.00,0.03904783,0.016455,6.5321
SH600880,2006-11-30,114.3126,114.3126,111.0466,111.8957,2613000,44961556.00,0.03402200,0.014337,6.5321
SH600880,2006-12-01,112.3530,123.0657,112.3530,122.6085,3884900,70876840.00,0.05058250,0.021316,6.5321
SH600880,2006-12-04,121.4980,122.4778,118.3626,120.9754,1611800,29688140.00,0.02098609,0.008844,6.5321
SH600880,2006-12-05,120.1916,121.8246,117.6440,119.2117,1318500,24069854.00,0.01716724,0.007234,6.5321
SH600880,2006-12-07,118.7545,119.2117,114.7046,114.8352,1479800,26450280.00,0.01926742,0.008120,6.5321
SH600880,2006-12-08,113.3328,113.5941,106.4740,107.7805,2721600,46419344.00,0.03543601,0.014933,6.5321
SH600880,2006-12-11,107.7805,110.7199,106.2128,110.3933,749000,12524903.00,0.00975219,0.004110,6.5321
SH600880,2006-12-12,110.8506,111.6998,108.5643,110.3933,973700,16444177.00,0.01267785,0.005343,6.5321
SH600880,2006-12-13,110.3933,111.0466,106.8660,107.1273,1035100,17068232.00,0.01347730,0.005680,6.5321
SH600880,2006-12-14,107.1273,116.9908,107.1273,112.4183,1680300,28770006.00,0.02187798,0.009220,6.5321
SH600880,2006-12-15,112.6796,114.8352,110.9159,114.5739,1073300,18660344.00,0.01397467,0.005889,6.5321
SH600880,2006-12-18,115.3578,123.1310,115.3578,122.8044,3133300,57213696.00,0.04079646,0.017192,6.5321
SH600880,2006-12-19,122.1512,129.5325,121.8246,125.2866,2475400,47927080.00,0.03223041,0.013582,6.5321
SH600880,2006-12-20,124.7641,124.7641,120.9101,123.0657,1201300,22434488.00,0.01564127,0.006591,6.5321
SH600880,2006-12-21,124.0455,134.8889,117.6440,118.5585,1567200,30388556.00,0.02040539,0.008599,6.5321
SH600880,2006-12-22,118.5585,120.7795,113.7247,114.5739,914800,16201989.00,0.01191096,0.005019,6.5321
SH600880,2006-12-25,114.5739,119.8650,114.5739,116.7295,674300,12104373.00,0.00877958,0.003700,6.5321
SH600880,2006-12-26,116.9908,123.3270,116.9908,119.5383,1023000,18907960.00,0.01331975,0.005613,6.5321
SH600880,2006-12-27,119.7996,121.4327,116.5989,120.1262,1689300,30974020.00,0.02199517,0.009269,6.5321
SH600880,2006-12-28,119.5383,119.5383,112.4183,113.8554,1289900,22619924.00,0.01679486,0.007078,6.5321
SH600880,2006-12-29,114.9658,118.1013,112.3530,114.3779,1895600,33566744.00,0.02468125,0.010401,6.5321
SH600880,2007-01-04,116.2070,116.5989,110.3933,111.1772,4602000,78495568.00,0.05991935,0.025251,6.5321
SH600880,2007-01-05,111.1772,115.8150,109.7401,115.6191,3370900,58686552.00,0.04389008,0.018496,6.5321
SH600880,2007-01-08,115.6191,121.8899,115.2925,121.2367,1338700,24477532.00,0.01743025,0.007345,6.5321
SH600880,2007-01-09,122.4778,126.0705,120.8448,125.1560,2010300,38076156.00,0.02617468,0.011030,6.5321
SH600880,2007-01-10,125.0907,125.0907,121.6286,124.1109,3410200,64395412.00,0.04440177,0.018711,6.5321
SH600880,2007-01-11,124.1109,129.3366,122.6085,126.2665,1906700,36993856.00,0.02482578,0.010462,6.5321
SH600880,2007-01-12,125.4173,127.3769,121.4980,121.4980,1268900,23999596.00,0.01652144,0.006962,6.5321
SH600880,2007-01-15,121.6286,129.3366,120.7795,129.3366,998000,19215076.00,0.01299424,0.005476,6.5321
SH600880,2007-01-16,129.6632,141.7477,129.0100,137.5671,3370100,71125928.00,0.04387966,0.018491,6.5321
SH600880,2007-01-17,136.5219,143.7073,133.9091,137.3058,2615500,56148776.00,0.03405455,0.014351,6.5321
SH600880,2007-01-18,131.1656,144.2299,129.9245,143.6420,7174200,148523840.00,0.06365596,0.039364,6.5321
SH600880,2007-01-19,144.3605,158.0127,143.7073,158.0127,1687300,39960912.00,0.01497124,0.009258,6.5321
SH600880,2007-01-22,163.9570,173.8205,163.9570,173.8205,3729000,97250984.00,0.03308704,0.020461,6.5321
SH600880,2007-01-23,173.1020,179.6342,156.4450,168.0722,3548200,88468656.00,0.03148282,0.019469,6.5321
SH600880,2007-01-24,167.8763,176.3681,155.1386,173.1020,1726500,44925068.00,0.01531906,0.009473,6.5321
SH600880,2007-01-25,183.8801,183.8801,164.6102,165.2634,762600,20066854.00,0.00676647,0.004184,6.5321
SH600880,2007-01-26,162.9772,168.7255,155.4652,166.2432,661400,16131938.00,0.00586854,0.003629,6.5321
SH600880,2007-01-29,166.8965,171.7956,163.3038,170.8811,1674500,43052732.00,0.01485767,0.009188,6.5321
SH600880,2007-01-30,170.1625,176.3681,160.0377,168.0069,2424400,63417928.00,0.02151146,0.013302,6.5321
SH600880,2007-01-31,164.6102,169.7706,151.7419,155.2692,2216300,54421464.00,0.01966501,0.012161,6.5321
SH600880,2007-02-01,152.0685,156.5103,144.4259,153.7668,590700,13782888.00,0.00524122,0.003241,6.5321
SH600880,2007-02-02,153.7668,154.1588,140.4412,143.7073,461800,10405539.00,0.00409751,0.002534,6.5321
SH600880,2007-02-05,145.6670,150.3048,141.0945,149.4556,892600,20153712.00,0.00791995,0.004898,6.5321
SH600880,2007-02-06,151.0886,151.0886,141.7477,147.0387,1535200,34306328.00,0.01362168,0.008424,6.5321
SH600880,2007-02-07,146.9081,155.1386,144.4259,153.9628,2178200,49726572.00,0.01932695,0.011952,6.5321
SH600880,2007-02-08,152.8523,159.7111,150.9580,157.7514,1876700,44857840.00,0.01665177,0.010297,6.5321
SH600880,2007-02-09,158.7313,160.0377,152.8523,153.5709,508600,12035177.00,0.00451276,0.002791,6.5321
SH600880,2007-02-12,153.7015,157.8821,150.2395,156.1184,674000,15927726.00,0.00598033,0.003698,6.5321
SH600880,2007-02-13,158.0781,161.2135,150.8927,156.7716,1464600,35120360.00,0.01279165,0.008036,6.5321
SH600880,2007-02-14,156.3144,164.6102,153.7015,164.2836,1404900,34190560.00,0.01227024,0.007709,6.5321
SH600880,2007-02-15,164.2183,165.3941,161.9973,163.1731,3250100,81421920.00,0.02838601,0.017833,6.5321
SH600880,2007-02-16,163.4997,168.2682,162.5852,165.1981,1027300,25913922.00,0.00897232,0.005637,6.5321
SH600880,2007-02-26,163.9570,164.0876,157.7514,161.2135,1156500,28457770.00,0.01010074,0.006346,6.5321
SH600880,2007-02-27,161.0175,162.5852,145.0791,145.0791,1186300,27644532.00,0.01036101,0.006509,6.5321
SH600880,2007-02-28,143.5767,148.8024,134.2357,142.9888,795000,17397000.00,0.00694344,0.004362,6.5321
SH600880,2007-03-01,143.1194,146.7774,132.9946,134.3663,1007800,21513172.00,0.00880201,0.005530,6.5321
SH600880,2007-03-02,134.5623,140.3106,134.5623,138.7429,546200,11557642.00,0.00477045,0.002997,6.5321
SH600880,2007-03-05,139.7880,147.3653,136.4566,145.8629,1951500,42777504.00,0.01704418,0.010708,6.5321
SH600880,2007-03-06,144.6871,146.6468,141.0945,146.3202,783500,17371168.00,0.00684300,0.004299,6.5321
SH600880,2007-03-07,146.3202,148.2798,143.7073,148.0185,1610500,36141180.00,0.01406592,0.008837,6.5321
SH600880,2007-03-08,148.2798,152.8523,144.8831,147.4960,1866100,42363696.00,0.01629831,0.010239,6.5321
SH600880,2007-03-09,147.3653,148.8024,144.3605,144.7525,1671200,37530752.00,0.01459607,0.009170,6.5321
SH600880,2007-03-12,145.0137,147.6266,142.7275,147.0387,2237100,49650860.00,0.01953858,0.012275,6.5321
SH600880,2007-03-13,147.1040,148.3451,142.9888,145.3404,2173100,48044064.00,0.01897961,0.011924,6.5321
SH600880,2007-03-14,143.7073,145.0137,137.8937,144.8831,967200,21203864.00,0.00844742,0.005307,6.5321
SH600880,2007-03-15,145.1444,159.3845,145.1444,159.3845,6044000,146412432.00,0.05278761,0.033163,6.5321
SH600880,2007-03-16,160.3643,166.5699,159.3845,161.9320,3423500,85340384.00,0.02990046,0.018784,6.5321
SH600880,2007-03-19,159.2538,163.6304,151.4153,163.1731,1164100,28630208.00,0.01016712,0.006387,6.5321
SH600880,2007-03-20,165.2634,166.5045,158.7313,161.3441,1032000,25431792.00,0.00901337,0.005662,6.5321
SH600880,2007-03-21,160.0377,163.4344,158.2087,159.7111,1250300,30732532.00,0.01091998,0.006860,6.5321
SH600880,2007-03-22,159.3845,162.6506,158.3393,160.0377,1404200,34514416.00,0.01226412,0.007705,6.5321
SH600880,2007-03-23,160.6909,160.6909,151.7419,155.3345,909500,21524824.00,0.00794347,0.004990,6.5321
SH600880,2007-03-26,154.4854,158.6659,154.4854,156.9023,1551300,37057208.00,0.01354888,0.008512,6.5321
SH600880,2007-03-27,157.2942,166.8965,152.1991,166.5699,2814900,67412320.00,0.02458502,0.015445,6.5321
SH600880,2007-03-28,163.1078,168.3989,154.2241,163.2385,2513000,62008764.00,0.02194826,0.013789,6.5321
SH600880,2007-03-29,161.2788,165.5900,155.8571,156.1184,1286600,31783172.00,0.01123702,0.007059,6.5321
SH600880,2007-03-30,156.4450,162.3240,156.2490,157.8168,448100,10897454.00,0.00391365,0.002459,6.5321
SH600880,2007-04-02,160.0377,160.1683,155.2039,156.6410,811900,19433584.00,0.00709104,0.004455,6.5321
SH600880,2007-04-03,157.5555,159.7764,155.7918,157.9474,1267900,30481620.00,0.01107370,0.006957,6.5321
SH600880,2007-04-04,159.5804,159.5804,155.3999,158.2740,2180700,52313612.00,0.01904599,0.011965,6.5321
SH600880,2007-04-05,157.7514,159.3192,156.5103,157.9474,1948600,46965536.00,0.01701885,0.010692,6.5321
SH600880,2007-04-06,157.7514,163.7610,156.7716,162.1933,1826000,45028468.00,0.01594808,0.010019,6.5321
SH600880,2007-04-09,161.2135,168.5295,161.2135,168.3335,3029800,77175200.00,0.02646193,0.016624,6.5321
SH600880,2007-04-10,170.8158,174.7350,165.2634,169.1827,3207300,82806544.00,0.02801220,0.017598,6.5321
SH600880,2007-04-11,171.9915,171.9915,162.6506,166.2432,2264200,57295088.00,0.01977527,0.012423,6.5321
SH600880,2007-04-12,166.5699,173.4286,165.0021,170.8811,2766800,71240328.00,0.02416492,0.015181,6.5321
SH600880,2007-04-13,170.8811,173.6899,166.9618,170.7504,2811400,73265040.00,0.02455445,0.015426,6.5321
SH600880,2007-04-16,170.9464,181.5938,169.8359,180.8753,3247300,87101240.00,0.02836155,0.017818,6.5321
SH600880,2007-04-17,181.8551,181.8551,169.9012,175.2576,2104700,56751128.00,0.01838221,0.011548,6.5321
SH600880,2007-04-19,172.4488,172.4488,160.2990,161.9973,2771200,69539824.00,0.02420335,0.015205,6.5321
SH600880,2007-04-20,166.5699,169.8359,160.8216,166.4392,7163800,179523360.00,0.06256782,0.039307,6.5321
SH600880,2007-04-23,165.7860,169.7053,160.6909,168.0069,5411200,136227248.00,0.04726081,0.029691,6.5321
SH600880,2007-04-24,167.9416,167.9416,163.3038,163.8917,3493000,88456248.00,0.03050747,0.019166,6.5321
SH600880,2007-04-25,165.7860,165.7860,155.4652,158.0127,2865900,70007528.00,0.02503045,0.015725,6.5321
SH600880,2007-04-26,158.2087,161.0828,157.9474,160.4949,2104500,51317388.00,0.01838046,0.011547,6.5321
SH600880,2007-04-27,160.6909,166.2432,151.5459,164.0223,4633900,115223224.00,0.04047196,0.025426,6.5321
SH600880,2007-04-30,163.9570,163.9570,158.7313,160.6909,2504000,61848368.00,0.02186965,0.013739,6.5321
SH600880,2007-05-08,162.5199,169.0521,160.7562,165.0675,4357100,109840352.00,0.03805442,0.023907,6.5321
SH600880,2007-05-09,165.1328,169.8359,160.0377,162.3893,3484200,88421592.00,0.03043061,0.019117,6.5321
SH600880,2007-05-11,162.9118,167.8763,159.0579,160.6256,3372800,83810880.00,0.02945765,0.018506,6.5321
SH600880,2007-05-14,155.4652,160.1683,153.5055,155.5305,2863300,69165752.00,0.02500774,0.015711,6.5321
SH600880,2007-05-15,156.4450,158.0781,150.5661,151.6112,2683600,63115024.00,0.02343826,0.014725,6.5321
SH600880,2007-05-16,151.4153,160.0377,150.3048,159.5804,5389500,128284384.00,0.04707128,0.029572,6.5321
SH600880,2007-05-17,159.8417,166.8965,159.8417,162.9772,4051300,102062208.00,0.03538360,0.022229,6.5321
SH600880,2007-05-18,160.0377,167.2231,160.0377,166.5699,3173400,80448128.00,0.02771612,0.017412,6.5321
SH600880,2007-05-21,162.3240,170.8811,161.9973,167.5497,3862300,99238336.00,0.03373289,0.021192,6.5321
SH600880,2007-05-22,167.6803,171.0117,166.5699,167.5497,4456800,115080392.00,0.03892519,0.024454,6.5321
SH600880,2007-05-23,167.5497,171.1424,164.2836,170.8158,4933600,127789848.00,0.04308950,0.027070,6.5321
SH600880,2007-05-24,170.6198,170.7504,161.9973,164.2836,2927300,74188832.00,0.02556671,0.016062,6.5321
SH600880,2007-05-25,164.2836,166.0473,161.3441,163.1078,2668100,66834824.00,0.02330288,0.014640,6.5321
SH600880,2007-05-28,164.2836,179.4382,163.5651,179.4382,6546700,173860576.00,0.05717814,0.035921,6.5321
SH600880,2007-05-29,180.8099,182.7696,173.7552,178.2624,4889000,132870912.00,0.04269997,0.026825,6.5321
SH600880,2007-05-30,161.0828,172.9060,161.0828,167.0924,5545000,142462832.00,0.04842940,0.030425,6.5321
SH600880,2007-05-31,165.9166,183.8147,165.9166,183.8147,5446800,147620224.00,0.04757173,0.029886,6.5321
SH600880,2007-06-01,192.5678,201.7128,184.8599,190.1509,6081400,179194960.00,0.05311426,0.033368,6.5321
SH600880,2007-06-04,183.4228,189.3017,171.1424,171.1424,2684900,71143568.00,0.02344961,0.014732,6.5321
SH600880,2007-06-05,154.2894,168.5295,154.0281,165.5900,3256100,78997808.00,0.02843841,0.017866,6.5321
SH600880,2007-06-06,167.2360,174.2810,159.3351,171.7132,1577600,40226200.00,0.01377858,0.008656,6.5840
SH600880,2007-06-07,169.8697,179.5483,169.8038,176.0587,1754500,46813272.00,0.01532360,0.009627,6.5840
SH600880,2007-06-08,177.5072,182.3794,175.1369,179.6141,2672700,72687128.00,0.02334306,0.014665,6.5840
SH600880,2007-06-11,182.5111,190.8729,181.1285,185.8690,2475900,69666280.00,0.02162423,0.013585,6.5840
SH600880,2007-06-12,188.9635,196.2719,184.3547,195.0209,2868800,83332064.00,0.02505577,0.015741,6.5840
SH600880,2007-06-13,193.8358,200.8149,192.6506,192.7165,2869800,85164704.00,0.02506451,0.015746,6.5840
SH600880,2007-06-14,192.2556,198.9055,187.6467,192.5848,2380700,70199896.00,0.02079276,0.013063,6.5840
SH600880,2007-06-15,190.9388,192.9798,184.4205,186.2641,1902500,54642624.00,0.01661622,0.010439,6.5840
SH600880,2007-06-18,193.4407,197.3912,188.9635,189.6219,2131300,62191800.00,0.01861453,0.011694,6.5840
SH600880,2007-06-19,188.3051,206.0822,187.7126,203.5802,3100600,92537184.00,0.02708029,0.017013,6.5840
SH600880,2007-06-20,201.3416,203.3169,190.2804,191.3996,2029300,61107864.00,0.01772368,0.011135,6.5840
SH600880,2007-06-21,192.2556,196.6011,184.3547,191.8605,1191300,34359460.00,0.01040468,0.006537,6.5840
SH600880,2007-06-22,189.9511,193.1115,174.4785,181.0626,1200600,33461464.00,0.01048590,0.006588,6.5840
SH600880,2007-06-25,181.7210,186.6591,170.3305,173.0300,1149100,31113684.00,0.01003611,0.006305,6.5840
SH600880,2007-06-26,173.8201,185.0131,167.8944,183.3012,2042300,54991616.00,0.01783722,0.011206,6.5840
SH600880,2007-06-27,182.3136,187.6467,181.0626,186.0007,1761500,49639708.00,0.01538474,0.009665,6.5840
SH600880,2007-06-28,184.7497,187.3175,169.2771,170.3964,1583400,42935852.00,0.01382924,0.008688,6.5840
SH600880,2007-06-29,167.8944,170.3305,159.0059,161.5078,1350100,33925184.00,0.01179162,0.007408,6.5840
SH600880,2007-07-02,158.0841,164.3390,158.0841,161.9687,1363800,33428700.00,0.01191127,0.007483,6.5840
SH600880,2007-07-03,163.3514,168.8162,161.3762,168.6845,761700,19370898.00,0.00665260,0.004179,6.5840
SH600880,2007-07-04,168.8162,169.8697,161.9687,163.9440,565300,14329598.00,0.00493727,0.003102,6.5840
SH600880,2007-07-05,163.8123,163.8123,154.0020,154.3312,992200,23708056.00,0.00866576,0.005444,6.5840
SH600880,2007-07-06,152.1584,160.3886,146.8912,159.7960,899400,21114218.00,0.00785526,0.004935,6.5840
SH600880,2007-07-09,161.3762,162.6271,159.3351,160.9811,845100,20629920.00,0.00738101,0.004637,6.5840
SH600880,2007-07-10,160.9811,160.9811,150.1174,152.6193,653900,15304362.00,0.00571109,0.003588,6.5840
SH600880,2007-07-11,150.1832,156.7015,149.9198,151.3683,951000,22075264.00,0.00830593,0.005218,6.5840
SH600880,2007-07-12,151.7634,155.3846,149.4590,153.5411,778800,17967224.00,0.00680195,0.004273,6.5840
SH600880,2007-07-13,153.5411,159.9935,151.4342,158.9401,1025400,24597032.00,0.00895573,0.005626,6.5840
SH600880,2007-07-16,161.4420,167.8944,161.4420,161.9029,1637600,40896284.00,0.01430261,0.008985,6.5840
SH600880,2007-07-17,159.7301,166.9068,158.0841,166.3801,930500,23049192.00,0.00812688,0.005106,6.5840
SH600880,2007-07-18,166.4459,170.1989,165.3266,166.7093,714500,18155622.00,0.00624036,0.003920,6.5840
SH600880,2007-07-19,167.2360,167.8286,165.2608,165.6558,594000,14976381.00,0.00518793,0.003259,6.5840
SH600880,2007-07-20,165.9192,170.2647,165.9192,169.3429,775200,19842502.00,0.00677051,0.004253,6.5840
SH600880,2007-07-23,170.5281,177.4414,170.5281,175.1369,903100,23986926.00,0.00788757,0.004955,6.5840
SH600880,2007-07-24,175.2028,182.9062,175.2028,178.4290,1177700,32049656.00,0.01028590,0.006462,6.5840
SH600880,2007-07-25,178.4290,184.0913,177.7706,181.7210,1091400,30210252.00,0.00953216,0.005988,6.5840
SH600880,2007-07-26,184.2888,187.9759,181.7210,187.6467,1386900,39337224.00,0.01211303,0.007610,6.5840
SH600880,2007-07-27,186.2641,189.4903,182.4453,186.6591,1194000,33927964.00,0.01042826,0.006551,6.5840
SH600880,2007-07-30,187.6467,189.6219,183.8938,184.5522,1590200,44863708.00,0.01388863,0.008725,6.5840
SH600880,2007-07-31,183.7621,190.8729,181.3918,190.8071,2155400,60304396.00,0.01882502,0.011826,6.5840
SH600880,2007-08-01,192.2556,194.1650,173.7543,174.7419,2091600,57846376.00,0.01826780,0.011476,6.5840
SH600880,2007-08-02,175.1369,180.4042,173.8201,178.5607,1011900,27220926.00,0.00883782,0.005552,6.5840
SH600880,2007-08-03,181.5893,185.0131,175.8612,184.4863,2402300,66108592.00,0.02098142,0.013181,6.5840
SH600880,2007-08-06,186.0007,190.2804,181.7210,187.3175,2558800,72687480.00,0.02234827,0.014040,6.5840
SH600880,2007-08-07,185.3423,187.3175,176.3221,184.1571,2078800,57498104.00,0.01815600,0.011406,6.5840
SH600880,2007-08-08,179.2849,186.9883,179.2849,184.0913,1972000,55146152.00,0.01722322,0.010820,6.5840
SH600880,2007-08-09,184.0255,186.9225,182.0502,182.7745,911000,25509904.00,0.00795657,0.004999,6.5840
SH600880,2007-08-10,183.0378,183.0378,171.7132,175.7953,1044900,28007260.00,0.00912604,0.005733,6.5840
SH600880,2007-08-13,171.8449,176.9146,168.5528,175.1369,1352100,35298568.00,0.01180909,0.007419,6.5840
SH600880,2007-08-14,173.8201,181.0626,173.8201,177.8364,1076600,29125632.00,0.00940290,0.005907,6.5840
SH600880,2007-08-15,176.4537,179.1532,172.3716,174.9394,1296700,34311424.00,0.01132523,0.007115,6.5840
SH600880,2007-08-16,175.3345,183.0378,172.1741,182.9062,1160700,31250980.00,0.01013742,0.006369,6.5840
SH600880,2007-08-17,183.0378,186.8566,178.4290,181.9186,1001800,27886300.00,0.00874961,0.005497,6.5840
SH600880,2007-08-20,184.3547,200.0907,184.3547,200.0907,3548400,105513960.00,0.03099132,0.019470,6.5840
SH600880,2007-08-21,206.2139,220.1063,206.0822,220.1063,4944700,163314160.00,0.04318645,0.027131,6.5840
SH600880,2007-08-22,217.2752,229.5216,210.7569,222.2791,3003200,101867808.00,0.02622961,0.016478,6.5840
SH600880,2007-08-23,222.2791,227.1513,219.7771,226.0320,1658200,56049684.00,0.01448253,0.009098,6.5840
SH600880,2007-08-24,224.6493,237.0274,219.9088,225.3077,868100,30037536.00,0.00758189,0.004763,6.5840
SH600880,2007-08-27,223.2008,236.8958,220.5672,227.9414,1587700,54492692.00,0.01386679,0.008712,6.5840
SH600880,2007-08-28,226.6246,227.8097,220.5672,222.9375,1699400,57726928.00,0.01484237,0.009324,6.5840
SH600880,2007-08-29,222.9375,223.0692,214.0489,218.9212,1277500,42324908.00,0.01115754,0.007010,6.5840
SH600880,2007-08-30,213.9831,223.0692,213.9831,220.1722,1627800,54140292.00,0.01421702,0.008932,6.5840
SH600880,2007-08-31,216.7484,227.1513,216.7484,219.9746,1387300,46639320.00,0.01211652,0.007612,6.5840
SH600880,2007-09-03,217.9336,223.7934,216.6167,219.1187,1251400,41380984.00,0.01092959,0.006866,6.5840
SH600880,2007-09-04,221.8840,221.8840,215.1682,215.7608,1715700,56592188.00,0.01498473,0.009414,6.5840
SH600880,2007-09-05,214.9707,217.2752,204.4362,210.0326,3178600,100663104.00,0.02776153,0.017441,6.5840
SH600880,2007-09-06,210.6911,222.6083,208.7158,222.2132,2102100,68494008.00,0.01835950,0.011534,6.5840
SH600880,2007-09-07,219.9088,221.2256,211.5470,214.1806,2146800,69619104.00,0.01874991,0.011779,6.5840
SH600880,2007-09-10,212.7980,217.2752,204.1070,214.5757,1398900,44709408.00,0.01221783,0.007676,6.5840
SH600880,2007-09-11,214.1148,219.1845,194.2308,200.6174,1692200,53502304.00,0.01477948,0.009285,6.5840
SH600880,2007-09-12,200.6174,203.9094,190.9388,196.0744,1330000,39264296.00,0.01161607,0.007298,6.5840
SH600880,2007-09-13,195.2184,199.1689,193.4407,196.2060,1378200,41020056.00,0.01203704,0.007562,6.5840
SH600880,2007-09-14,196.5352,200.1565,191.5972,196.8645,1325500,39425420.00,0.01157677,0.007273,6.5840
SH600880,2007-09-17,193.6382,216.5509,193.5724,216.5509,2297000,73249760.00,0.01999218,0.012603,6.5840
SH600880,2007-09-18,217.2752,222.5424,212.0737,219.9088,1533900,50522640.00,0.01335046,0.008416,6.5840
SH600880,2007-09-19,220.4355,223.6617,210.5594,210.9544,1670400,55289724.00,0.01453850,0.009165,6.5840
SH600880,2007-09-20,210.6911,218.9212,203.3827,218.3944,1521200,49499328.00,0.01323993,0.008347,6.5840
SH600880,2007-09-21,218.4603,240.2536,217.2752,237.4225,3729400,132556392.00,0.03245923,0.020463,6.5840
SH600880,2007-09-24,240.3195,240.3195,226.5587,228.7973,1886100,66169788.00,0.01641587,0.010349,6.5840
SH600880,2007-09-25,229.7849,248.8788,226.2295,233.2745,2530600,91675600.00,0.02202535,0.013885,6.5840
SH600880,2007-09-27,229.1265,232.4186,220.5672,224.2543,925300,31784416.00,0.00805345,0.005077,6.5840
SH600880,2007-09-28,227.8097,234.2621,226.4929,232.3527,972900,34204088.00,0.00846774,0.005338,6.5840
SH600880,2007-10-08,235.7106,242.2947,225.7028,226.5587,986600,34631240.00,0.00858698,0.005413,6.5840
SH600880,2007-10-09,226.6246,228.4681,222.6083,225.6370,1197400,40886908.00,0.01042170,0.006570,6.5840
SH600880,2007-10-10,223.9251,227.0196,218.9212,223.7276,2302800,77236208.00,0.02004267,0.012635,6.5840
SH600880,2007-10-11,223.8592,225.0444,210.5594,213.5881,1493600,49042448.00,0.01299971,0.008195,6.5840
SH600880,2007-10-12,213.3247,213.3247,195.2843,210.5594,1511600,46856232.00,0.01315637,0.008294,6.5840
SH600880,2007-10-15,206.7406,212.3371,200.6832,204.1070,2652900,81677352.00,0.02308980,0.014556,6.5840
SH600880,2007-10-16,203.7778,213.9173,199.4981,212.7980,1809900,56433520.00,0.01575266,0.009931,6.5840
SH600880,2007-10-17,211.4811,211.4811,200.8149,204.1070,1518200,47721028.00,0.01321382,0.008330,6.5840
SH600880,2007-10-18,205.0946,208.5183,199.4981,207.9916,1242500,38307448.00,0.01081423,0.006817,6.5840
SH600880,2007-10-19,212.6663,228.7973,212.6663,222.2791,2501500,84247424.00,0.02177207,0.013726,6.5840
SH600880,2007-10-22,221.8840,221.8840,205.1604,205.6213,1431200,46029360.00,0.01245660,0.007853,6.5840
SH600880,2007-10-23,210.6911,212.0079,200.5515,203.2510,1720800,53395812.00,0.01497717,0.009442,6.5840
SH600880,2007-10-24,205.4238,207.3332,197.4570,201.2758,1238800,37725252.00,0.01078203,0.006797,6.5840
SH600880,2007-10-25,198.8397,201.4075,187.7126,190.9388,1289100,37605824.00,0.01121982,0.007073,6.5840
SH600880,2007-10-26,187.6467,194.0991,186.3299,191.2021,742200,21535752.00,0.00645982,0.004072,6.5840
SH600880,2007-10-29,197.3253,197.5229,187.8442,193.0457,632700,18326284.00,0.00550677,0.003472,6.5840
SH600880,2007-10-30,192.9140,196.2060,189.4903,193.5066,812400,23844600.00,0.00707081,0.004458,6.5840
SH600880,2007-10-31,203.3827,211.3495,197.5229,209.1109,1477300,45944964.00,0.01285784,0.008106,6.5840
SH600880,2007-11-01,210.5594,210.5594,200.8807,202.4609,711700,21943542.00,0.00619436,0.003905,6.5840
SH600880,2007-11-02,201.4733,207.3990,198.2471,203.9753,885500,27518088.00,0.00770704,0.004859,6.5840
SH600880,2007-11-05,204.1728,210.3618,202.1317,203.9753,681100,21307890.00,0.00592803,0.003737,6.5840
SH600880,2007-11-06,203.9753,210.3618,198.8397,201.4733,929700,28462316.00,0.00809174,0.005101,6.5840
SH600880,2007-11-07,201.1441,208.5183,198.0496,205.2263,1740800,53836304.00,0.01515124,0.009552,6.5840
SH600880,2007-11-16,195.3542,204.4242,188.5168,198.5636,1530300,42684288.00,0.01331913,0.008397,6.9769
SH600880,2007-11-19,198.4938,212.0988,198.4938,208.7499,1084300,32300004.00,0.00943732,0.005949,6.9769
SH600880,2007-11-20,209.2383,217.5408,208.8894,217.3315,1534100,47036804.00,0.01335220,0.008417,6.9769
SH600880,2007-11-21,217.3315,217.6804,213.3547,215.1687,993400,30678224.00,0.00864616,0.005451,6.9769
SH600880,2007-11-22,215.1687,220.7502,207.9127,211.5407,932000,28951712.00,0.00811176,0.005114,6.9769
SH600880,2007-11-23,209.3778,218.9362,209.3778,212.4477,750800,22985360.00,0.00653467,0.004120,6.9769
SH600880,2007-11-26,213.8431,217.1920,204.3544,204.4940,854900,25832940.00,0.00671327,0.004231,6.9769
SH600880,2007-11-27,201.6334,204.0754,197.0984,198.4240,609500,17398754.00,0.00478622,0.003017,6.9769
SH600880,2007-11-28,201.6334,201.6334,189.4936,195.5635,764500,21178214.00,0.00600339,0.003784,6.9769
SH600880,2007-11-29,195.3542,199.4706,193.2611,197.5868,850600,23937540.00,0.00667950,0.004210,6.9769
SH600880,2007-11-30,196.2612,198.9822,190.4703,191.3076,704800,19533994.00,0.00553458,0.003488,6.9769
SH600880,2007-12-03,186.0051,193.8890,186.0051,189.2843,420600,11368598.00,0.00330284,0.002082,6.9769
SH600880,2007-12-04,193.8193,193.8890,188.5168,192.1448,470400,12875814.00,0.00369391,0.002328,6.9769
SH600880,2007-12-05,195.0751,197.4473,190.3308,197.3077,504100,14012120.00,0.00395854,0.002495,6.9769
SH600880,2007-12-06,197.3077,199.1915,194.3774,196.4705,274700,7737662.00,0.00215714,0.001360,6.9769
SH600880,2007-12-07,198.0752,201.2148,195.3542,201.0055,459400,13042561.00,0.00360753,0.002274,6.9769
SH600880,2007-12-10,196.1216,207.9127,196.1216,206.6568,1107000,32499422.00,0.00869293,0.005479,6.9769
SH600880,2007-12-11,206.5173,209.6569,203.0288,208.4708,939500,27907584.00,0.00737761,0.004650,6.9769
SH600880,2007-12-12,205.8894,209.6569,203.8660,207.0057,573600,17029896.00,0.00450431,0.002839,6.9769
SH600880,2007-12-13,207.0057,216.2850,204.4242,211.6802,1461300,44613232.00,0.01147514,0.007232,6.9769
SH600880,2007-12-14,209.1685,214.8896,205.1219,213.6338,1153100,35016608.00,0.00905494,0.005707,6.9769
SH600880,2007-12-17,212.6570,234.8436,205.8196,228.1458,2963900,95626880.00,0.02327460,0.014669,6.9769
SH600880,2007-12-18,226.4016,230.2389,220.9595,223.1224,890100,28538104.00,0.00698968,0.004405,6.9769
SH600880,2007-12-19,221.8665,233.7273,221.8665,227.7969,1678900,55483676.00,0.01318389,0.008309,6.9769
SH600880,2007-12-20,228.1458,230.0993,223.6108,226.1225,758500,24596404.00,0.00595627,0.003754,6.9769
SH600880,2007-12-21,226.1922,231.6343,225.4946,230.3086,1040500,34292224.00,0.00817073,0.005150,6.9769
SH600880,2007-12-24,233.7273,236.1693,227.5179,233.3087,1383100,46229904.00,0.01086106,0.006845,6.9769
SH600880,2007-12-25,233.3785,235.1227,228.4946,230.5179,823300,27310140.00,0.00646512,0.004075,6.9769
SH600880,2007-12-26,233.6576,253.2628,227.0992,249.3557,3723600,128786576.00,0.02924029,0.018429,6.9769
SH600880,2007-12-27,248.7278,255.9140,242.7974,253.3325,1632700,58615068.00,0.01282109,0.008081,6.9769
SH600880,2007-12-28,252.9837,253.7511,246.8440,247.6812,606700,21624220.00,0.00476423,0.003003,6.9769
SH600880,2008-01-02,250.2627,258.1466,247.6812,255.3558,974300,35414384.00,0.00765088,0.004822,6.9769
SH600880,2008-01-03,251.8674,261.6351,249.0766,251.9371,1939500,70687384.00,0.01523030,0.009599,6.9769
SH600880,2008-01-04,251.2395,253.2628,242.0997,243.7044,1888200,66085060.00,0.01482746,0.009345,6.9769
SH600880,2008-01-07,239.6577,246.2858,239.6577,244.0532,2326600,81363224.00,0.01827008,0.011515,6.9769
SH600880,2008-01-08,245.3091,250.1231,233.1692,236.3088,2035000,70313184.00,0.01598023,0.010072,6.9769
SH600880,2008-01-09,233.7273,242.4485,230.2389,241.1229,2693600,91569672.00,0.02115202,0.013331,6.9769
SH600880,2008-01-10,240.5647,250.1231,236.5181,244.3323,1984800,69493560.00,0.01558603,0.009823,6.9769
SH600880,2008-01-11,242.9369,244.3323,237.7740,239.0298,948700,32628828.00,0.00744985,0.004695,6.9769
SH600880,2008-01-14,240.7043,246.7044,238.7507,242.7974,1653700,57695848.00,0.01298600,0.008185,6.9769
SH600880,2008-01-15,244.0532,246.9835,242.7974,246.8440,1339200,47026884.00,0.01051633,0.006628,6.9769
SH600880,2008-01-16,246.1463,254.6582,241.7508,242.2392,1580300,56019244.00,0.01240961,0.007821,6.9769
SH600880,2008-01-17,240.7043,245.4486,226.7504,237.1460,2740700,91645944.00,0.02152188,0.013565,6.9769
SH600880,2008-01-18,235.7507,239.4484,227.4481,236.0297,1301000,43534120.00,0.01021636,0.006439,6.9769
SH600880,2008-01-21,242.7276,259.2629,236.5879,249.4254,4755900,169055616.00,0.03734663,0.023538,6.9769
SH600880,2008-01-22,242.7974,267.2864,230.2389,251.0301,6691200,244389200.00,0.05254395,0.033117,6.9769
SH600880,2008-01-23,259.5420,268.6120,247.6812,268.1934,4276300,158317392.00,0.03358048,0.021165,6.9769
SH600880,2008-01-24,272.1703,279.0077,263.7282,268.7516,4318600,168552784.00,0.03391265,0.021374,6.9769
SH600880,2008-01-25,268.9609,269.3097,254.6582,255.0768,2981000,112015616.00,0.02340888,0.014754,6.9769
SH600880,2008-01-28,253.3325,258.3559,241.2624,242.0997,2298400,82536784.00,0.01804863,0.011375,6.9769
SH600880,2008-01-29,242.1694,250.4720,233.7273,242.7974,978600,34199880.00,0.00768465,0.004843,6.9769
SH600880,2008-01-30,244.1927,253.9605,238.6112,242.8671,1401300,49013040.00,0.01100398,0.006935,6.9769
SH600880,2008-01-31,244.1927,244.1927,228.4946,230.3086,2138900,71620936.00,0.01679613,0.010586,6.9769
SH600880,2008-02-01,229.1923,238.6112,218.1688,237.2158,1668700,53894724.00,0.01310379,0.008259,6.9769
SH600880,2008-02-04,244.1230,252.5651,238.7507,251.3092,1111500,39398708.00,0.00872827,0.005501,6.9769
SH600880,2008-02-05,251.1697,251.7976,238.6810,251.6581,1894400,66334552.00,0.01487614,0.009376,6.9769
SH600880,2008-02-13,244.5416,250.3324,236.3786,238.6112,1149500,39975984.00,0.00902667,0.005689,6.9769
SH600880,2008-02-14,240.1461,244.1927,236.5181,243.5648,364800,12631210.00,0.00286466,0.001806,6.9769
SH600880,2008-02-15,241.4020,241.4020,233.3785,235.8902,1686000,56688000.00,0.01323964,0.008345,6.9769
SH600880,2008-02-18,239.3089,243.9834,236.0297,240.0066,670600,23128288.00,0.00526602,0.003319,6.9769
SH600880,2008-02-19,238.6112,244.0532,238.4717,241.6810,1166000,40198280.00,0.00915624,0.005771,6.9769
SH600880,2008-02-20,241.4020,250.8208,240.0066,249.7743,2362100,83483344.00,0.01854885,0.011691,6.9769
SH600880,2008-02-21,249.6348,251.1697,242.1694,250.0534,953700,33792268.00,0.00748911,0.004720,6.9769
SH600880,2008-02-22,249.7743,257.8675,246.4254,255.5652,2130900,77185520.00,0.01673331,0.010546,6.9769
SH600880,2008-02-25,256.7512,257.3792,239.3089,251.0301,1220100,43233880.00,0.00958107,0.006039,6.9769
SH600880,2008-02-26,251.3790,254.6582,239.3089,242.7276,908300,31829192.00,0.00713260,0.004495,6.9769
SH600880,2008-02-27,244.1927,247.6812,237.9135,244.2625,779300,27349408.00,0.00611961,0.003857,6.9769
SH600880,2008-02-28,244.0532,244.0532,236.1693,237.9135,1368000,46849376.00,0.01074249,0.006771,6.9769
SH600880,2008-02-29,235.8902,243.4951,235.8204,237.9135,2055900,70735448.00,0.01614436,0.010175,6.9769
SH600880,2008-03-03,237.9135,247.2626,237.2158,243.8439,1189800,41551568.00,0.00934314,0.005889,6.9769
SH600880,2008-03-04,247.4719,247.4719,240.2857,243.7741,1327000,46374200.00,0.01042053,0.006568,6.9769
SH600880,2008-03-05,244.1927,245.2393,232.4715,237.0763,919800,31328478.00,0.00722291,0.004552,6.9769
SH600880,2008-03-06,234.2855,239.3089,232.1924,238.6810,1223000,41364104.00,0.00960385,0.006053,6.9769
SH600880,2008-03-07,239.3089,239.3089,230.2389,231.0063,513500,17130616.00,0.00403236,0.002541,6.9769
SH600880,2008-03-10,230.1691,230.1691,211.4011,218.2385,1684500,52608464.00,0.01302333,0.008255,6.9769
SH600880,2008-03-11,216.2850,216.2850,206.9359,214.6105,1362800,41227268.00,0.01053618,0.006679,6.9769
SH600880,2008-03-12,217.6804,219.7735,205.8894,209.3081,1145500,34502752.00,0.00885617,0.005614,6.9769
SH600880,2008-03-13,208.4708,210.7034,202.6800,206.6568,1140900,33953744.00,0.00882061,0.005591,6.9769
SH600880,2008-03-14,203.4474,207.2150,192.5634,196.6100,987500,28264250.00,0.00763463,0.004840,6.9769
SH600880,2008-03-17,196.6100,196.6100,187.5400,188.3075,1179300,32055672.00,0.00911749,0.005780,6.9769
SH600880,2008-03-18,183.3539,193.1216,179.8654,188.3075,895000,23579164.00,0.00691949,0.004386,6.9769
SH600880,2008-03-19,190.4703,193.2611,181.4003,185.9353,4286900,115467072.00,0.03314319,0.021009,6.9769
SH600880,2008-03-20,182.7957,185.9353,168.5627,181.9585,1990400,50883544.00,0.01538832,0.009755,6.9769
SH600880,2008-03-21,181.8887,189.6331,181.8887,188.3772,1048800,28107872.00,0.00810856,0.005140,6.9769
SH600880,2008-03-24,191.0983,194.6565,186.7028,189.2145,1513600,41413416.00,0.01170205,0.007418,6.9769
SH600880,2008-03-25,184.0515,199.5403,181.5399,196.8891,1428900,39935808.00,0.01104721,0.007003,6.9769
SH600880,2008-03-26,197.2380,201.3544,193.7495,196.6100,915100,25798878.00,0.00707489,0.004485,6.9769
SH600880,2008-03-27,195.3542,199.4706,186.3539,198.4938,1046500,29442740.00,0.00809078,0.005129,6.9769
SH600880,2008-03-28,195.2844,202.3311,190.6796,201.1450,775700,21911796.00,0.00599715,0.003802,6.9769
SH600880,2008-03-31,198.6333,198.6333,181.4003,187.5400,1024600,28379880.00,0.00792146,0.005021,6.9769
SH600880,2008-04-01,186.9819,186.9819,170.0977,175.3304,1317200,32965474.00,0.01018363,0.006455,6.9769
SH600880,2008-04-02,169.5395,178.6095,162.6324,171.8419,2524200,63009008.00,0.01951528,0.012371,6.9769
SH600880,2008-04-03,170.9349,178.4700,165.3534,177.8421,982900,24645732.00,0.00758696,0.004817,6.9769
SH600880,2008-04-07,174.4234,195.3542,174.4234,193.1216,458600,12290233.00,0.00353991,0.002248,6.9769
SH600880,2008-04-08,195.3542,205.6801,193.1216,194.8658,913200,25918244.00,0.00704895,0.004475,6.9769
SH600880,2008-04-09,194.0286,197.4473,182.6562,182.7957,969100,26766156.00,0.00748044,0.004749,6.9769
SH600880,2008-04-10,184.4702,197.4473,182.7957,193.8193,808600,22082580.00,0.00624155,0.003963,6.9769
SH600880,2008-04-11,196.6100,203.3777,193.8890,198.4938,529800,15147844.00,0.00408950,0.002596,6.9769
SH600880,2008-04-14,196.6100,196.6100,186.2842,189.5633,691600,18915916.00,0.00533843,0.003389,6.9769
SH600880,2008-04-15,188.3075,193.9588,180.2142,193.3309,740800,19673892.00,0.00571820,0.003631,6.9769
SH600880,2008-04-16,191.8657,195.3542,184.9585,191.7959,273300,7420035.00,0.00210959,0.001339,6.9769
SH600880,2008-04-17,191.5169,193.2611,183.4934,190.4703,495900,13409372.00,0.00382783,0.002430,6.9769
SH600880,2008-04-18,184.9585,192.5634,181.4003,187.0516,343700,9217308.00,0.00265301,0.001684,6.9769
SH600880,2008-04-21,198.8427,202.4009,182.7957,186.0749,601200,16460434.00,0.00464064,0.002946,6.9769
SH600880,2008-04-22,182.7957,185.9353,167.4464,183.5632,1415600,35670992.00,0.01092696,0.006938,6.9769
SH600880,2008-04-23,180.0049,191.8657,177.2839,190.5401,720800,19356944.00,0.00556382,0.003532,6.9769
SH600880,2008-04-24,207.9127,209.5871,199.0520,206.3080,3602200,105631672.00,0.02780523,0.017654,6.9769
SH600880,2008-04-25,202.1916,208.3313,197.4473,200.1683,1546500,44885964.00,0.01193737,0.007579,6.9769
SH600880,2008-04-28,197.0984,201.4939,194.5170,195.4937,580800,16384743.00,0.00448317,0.002846,6.9769
SH600880,2008-04-30,206.3777,215.0291,204.5637,215.0291,1855900,56243072.00,0.01432561,0.009095,6.9769
SH600880,2008-05-05,217.6804,226.7504,215.5873,226.4713,2084000,66399656.00,0.01608631,0.010213,6.9769
SH600880,2008-05-06,222.9131,228.8435,216.3548,220.8898,1509600,48046440.00,0.01165254,0.007398,6.9769
SH600880,2008-05-07,218.3781,224.6573,208.6104,208.6801,893300,27772024.00,0.00689534,0.004378,6.9769
SH600880,2008-05-08,202.7497,223.2619,202.7497,220.0525,944300,29391900.00,0.00728901,0.004628,6.9769
SH600880,2008-05-09,220.6107,228.1458,216.9827,223.2619,883900,28252502.00,0.00682279,0.004332,6.9769
SH600880,2008-05-12,220.8200,233.7273,218.3781,232.6808,1673800,55369608.00,0.01291999,0.008203,6.9769
SH600880,2008-05-14,209.4476,231.9133,209.4476,228.7039,4428300,141612336.00,0.03418186,0.021702,6.9769
SH600880,2008-05-15,227.4481,230.0296,216.2850,218.9362,3377800,106639208.00,0.02607309,0.016554,6.9769
SH600880,2008-05-16,214.9901,221.6887,202.3510,206.7747,2558100,42192528.00,0.01974586,0.012537,12.6390
SH600880,2008-05-19,202.2246,204.7524,192.1134,201.0871,2383800,37243560.00,0.01022247,0.006490,12.6390
SH600880,2008-05-20,200.7079,212.9678,196.1579,205.2580,3875800,62777116.00,0.01662063,0.010552,12.6390
SH600880,2008-05-21,203.6149,211.1983,199.8232,210.4400,4100300,67261512.00,0.01758336,0.011164,12.6390
SH600880,2008-05-22,203.4885,213.3470,198.4329,199.0649,3353600,54522816.00,0.01438127,0.009131,12.6390
SH600880,2008-05-23,195.2731,206.0163,195.2731,199.6968,1386000,22136344.00,0.00594360,0.003774,12.6390
SH600880,2008-05-26,199.6968,202.3510,182.3813,191.4814,1488100,22619984.00,0.00638143,0.004052,12.6390
SH600880,2008-05-27,188.9536,199.9496,188.0689,195.2731,1439800,22106536.00,0.00617431,0.003920,12.6390
SH600880,2008-05-28,192.4926,198.6857,190.3439,196.1579,668600,10291528.00,0.00286716,0.001820,12.6390
SH600880,2008-05-29,192.7453,198.3065,188.3217,189.5856,531000,8128545.00,0.00227709,0.001446,12.6390
SH600880,2008-05-30,189.8384,194.2620,185.7939,191.9870,723700,10919690.00,0.00310345,0.001970,12.6390
SH600880,2008-06-02,192.1134,198.3065,188.8272,194.5148,746600,11546635.00,0.00320165,0.002033,12.6390
SH600880,2008-06-03,194.5148,197.8010,192.1134,193.3773,335000,5154152.00,0.00143658,0.000912,12.6390
SH600880,2008-06-04,190.9759,194.6412,184.5300,189.3328,561700,8342593.00,0.00240874,0.001529,12.6390
SH600880,2008-06-05,185.1619,189.2064,185.1619,187.0578,569400,8423814.00,0.00244176,0.001550,12.6390
SH600880,2008-06-06,187.0578,188.5745,185.1619,187.9425,700600,10357370.00,0.00300439,0.001908,12.6390
SH600880,2008-06-10,181.3702,181.8758,169.1103,169.4895,745600,10217177.00,0.00319736,0.002030,12.6390
SH600880,2008-06-11,169.3631,169.3631,158.3671,164.3075,989300,12775653.00,0.00424242,0.002694,12.6390
SH600880,2008-06-12,162.4116,164.3075,151.6685,162.5380,1262500,15912396.00,0.00541399,0.003437,12.6390
SH600880,2008-06-13,161.7797,163.0436,151.7948,155.2074,760000,9383884.00,0.00325912,0.002069,12.6390
SH600880,2008-06-16,155.2074,160.2630,149.1406,152.4268,517200,6296996.00,0.00221791,0.001408,12.6390
SH600880,2008-06-17,149.5198,155.0810,141.5572,141.5572,808900,9315544.00,0.00346881,0.002202,12.6390
SH600880,2008-06-18,139.6614,152.9324,127.6543,151.9212,2007700,23202000.00,0.00860964,0.005466,12.6390
SH600880,2008-06-19,149.8990,149.8990,136.7544,136.7544,488400,5497947.00,0.00209441,0.001330,12.6390
SH600880,2008-06-20,132.0779,145.7281,129.2973,136.6280,579400,6365775.00,0.00248465,0.001578,12.6390
SH600880,2008-06-23,133.8474,137.5127,128.2862,128.9182,356800,3763848.00,0.00153007,0.000971,12.6390
SH600880,2008-06-24,124.6209,136.7544,124.6209,134.2266,1281800,13589308.00,0.00549676,0.003490,12.6390
SH600880,2008-06-25,132.7099,147.6240,130.8140,146.1073,1696400,19220396.00,0.00727469,0.004619,12.6390
SH600880,2008-06-26,145.3489,152.9324,142.1892,148.8879,903400,10680583.00,0.00387406,0.002460,12.6390
SH600880,2008-06-27,146.6128,155.4602,141.3044,146.2337,1671200,19486956.00,0.00716662,0.004550,12.6390
SH600880,2008-06-30,145.3489,153.4379,142.9475,150.0254,1349300,15994974.00,0.00578622,0.003674,12.6390
SH600880,2008-07-01,150.0254,151.6685,143.0739,149.6462,532400,6210531.00,0.00228310,0.001450,12.6390
SH600880,2008-07-02,150.9101,153.9435,146.3601,151.2893,821100,9850178.00,0.00352113,0.002236,12.6390
SH600880,2008-07-03,150.5309,158.6199,144.0850,154.7018,1817500,22192524.00,0.00779400,0.004948,12.6390
SH600880,2008-07-04,154.1963,164.0547,152.1740,163.6755,1974600,24902018.00,0.00846770,0.005376,12.6390
SH600880,2008-07-07,163.6755,172.1437,163.6755,167.2145,3362300,44678164.00,0.01441858,0.009154,12.6390
SH600880,2008-07-08,167.2145,169.3631,161.1477,168.4784,2210500,28759954.00,0.00947931,0.006018,12.6390
SH600880,2008-07-09,168.4784,170.6270,166.8353,168.3520,2639200,35224424.00,0.01131771,0.007186,12.6390
SH600880,2008-07-10,168.0992,172.6493,162.9172,168.0992,2573100,34387008.00,0.01103425,0.007006,12.6390
SH600880,2008-07-11,168.0992,168.7312,160.6422,164.1811,1248300,16162830.00,0.00535310,0.003399,12.6390
SH600880,2008-07-14,162.6644,166.8353,162.4116,165.5714,915000,11952388.00,0.00392380,0.002491,12.6390
SH600880,2008-07-15,164.4339,166.8353,153.5643,155.9657,1194900,14937380.00,0.00512410,0.003253,12.6390
SH600880,2008-07-16,154.8282,159.2519,151.6685,156.0921,1368300,16756929.00,0.00586769,0.003725,12.6390
SH600880,2008-07-17,156.0921,161.0213,154.1963,157.6088,1051800,13105423.00,0.00451044,0.002864,12.6390
SH600880,2008-07-18,156.5977,160.3894,154.1963,160.1366,1208200,15085616.00,0.00518114,0.003290,12.6390
SH600880,2008-07-21,162.9172,172.5229,160.5158,170.6270,3266900,43600880.00,0.01400948,0.008895,12.6390
SH600880,2008-07-22,170.6270,174.0396,169.3631,172.3965,2045900,27823082.00,0.00877345,0.005570,12.6390
SH600880,2008-07-23,173.7868,178.4632,170.6270,174.5451,2621500,36256588.00,0.01124180,0.007137,12.6390
SH600880,2008-07-24,175.6826,178.0841,173.1548,175.3035,3980600,55322568.00,0.01707005,0.010838,12.6390
SH600880,2008-07-25,173.1548,176.6938,170.6270,174.2923,2787100,38466416.00,0.01195195,0.007588,12.6390
SH600880,2008-07-28,174.2923,182.7605,173.7868,182.0022,2959200,42044856.00,0.01268997,0.008057,12.6390
SH600880,2008-07-29,180.7383,186.4258,175.6826,182.0022,3233200,46142656.00,0.01386496,0.008803,12.6390
SH600880,2008-07-30,183.8980,184.6564,175.1771,175.4299,3728500,53518904.00,0.01598896,0.010151,12.6390
SH600880,2008-07-31,176.3146,178.2104,166.4561,166.5825,2258000,30568120.00,0.00968300,0.006148,12.6390
SH600880,2008-08-01,166.4561,170.6270,161.9061,169.7423,881900,11706528.00,0.00378186,0.002401,12.6390
SH600880,2008-08-04,169.8687,173.1548,166.8353,167.3409,629000,8473636.00,0.00269735,0.001713,12.6390
SH600880,2008-08-05,169.8687,169.8687,164.6867,166.3297,700600,9261093.00,0.00300439,0.001908,12.6390
SH600880,2008-08-06,166.8353,171.1326,163.0436,167.2145,697000,9196137.00,0.00298895,0.001898,12.6390
SH600880,2008-08-07,166.8353,175.4299,165.5714,175.0507,747500,10037202.00,0.00320551,0.002035,12.6390
SH600880,2008-08-08,172.6493,180.4855,162.1589,168.6048,2130200,29180800.00,0.00913496,0.005800,12.6390
SH600880,2008-08-11,164.9394,164.9394,151.7948,151.9212,3562200,43126528.00,0.01527582,0.009699,12.6390
SH600880,2008-08-12,146.6128,155.4602,146.6128,149.5198,829600,9881286.00,0.00355758,0.002259,12.6390
SH600880,2008-08-13,147.6240,153.3115,145.4753,151.5421,672100,7866117.00,0.00288217,0.001830,12.6390
SH600880,2008-08-14,149.1406,155.2074,146.8656,152.6796,407000,4890967.00,0.00174534,0.001108,12.6390
SH600880,2008-08-15,150.4045,154.8282,149.2670,152.9324,414600,4994295.00,0.00177793,0.001129,12.6390
SH600880,2008-08-18,153.0587,157.3560,148.0031,149.1406,675400,8073567.00,0.00289632,0.001839,12.6390
SH600880,2008-08-19,151.1629,155.2074,147.8767,152.8060,492600,5974246.00,0.00211242,0.001341,12.6390
SH600880,2008-08-20,150.1518,164.3075,150.1518,163.4228,1918000,24280456.00,0.00822498,0.005222,12.6390
SH600880,2008-08-21,162.4116,162.4116,154.3227,157.7352,734900,9197351.00,0.00315148,0.002001,12.6390
SH600880,2008-08-22,153.4379,157.3560,150.1518,151.4157,708400,8521992.00,0.00303784,0.001929,12.6390
SH600880,2008-08-25,156.2185,156.2185,149.1406,149.1406,285400,3394130.00,0.00122388,0.000777,12.6390
SH600880,2008-08-26,147.8767,151.2893,139.2822,143.8322,672400,7612131.00,0.00288346,0.001831,12.6390
SH600880,2008-08-27,141.5572,146.6128,140.2933,143.3267,350600,3980433.00,0.00150348,0.000955,12.6390
SH600880,2008-08-28,140.6725,145.3489,140.6725,145.2225,226700,2585119.00,0.00097216,0.000617,12.6390
SH600880,2008-08-29,145.9809,148.8879,144.2114,147.7504,251000,2920008.00,0.00107637,0.000683,12.6390
SH600880,2008-09-01,145.7281,147.1184,141.5572,145.3489,119200,1362723.00,0.00051117,0.000325,12.6390
SH600880,2008-09-02,143.2003,145.6017,141.5572,144.2114,125300,1422236.00,0.00053733,0.000341,12.6390
SH600880,2008-09-03,143.2003,143.8322,134.1002,139.4086,1015100,11172356.00,0.00435306,0.002764,12.6390
SH600880,2008-09-04,134.2266,140.6725,133.9738,136.8808,261500,2848617.00,0.00112139,0.000712,12.6390
SH600880,2008-09-05,135.2377,138.2711,132.7099,133.4682,177200,1899268.00,0.00075989,0.000482,12.6390
SH600880,2008-09-09,130.1821,133.5946,127.6543,130.1821,1406000,14567719.00,0.00602936,0.003828,12.6390
SH600880,2008-09-10,130.1821,133.9738,125.3792,127.6543,1262500,12965656.00,0.00541399,0.003437,12.6390
SH600880,2008-09-11,125.7584,133.2155,125.3792,128.6654,1170100,12039088.00,0.00501775,0.003186,12.6390
SH600880,2008-09-12,130.1821,132.2043,126.8959,130.6876,281000,2894939.00,0.00120501,0.000765,12.6390
SH600880,2008-09-16,131.4460,137.1336,129.0446,136.5016,909700,9645140.00,0.00390108,0.002477,12.6390
SH600880,2008-09-17,135.1113,142.1892,134.9849,135.7433,591800,6485800.00,0.00253782,0.001611,12.6390
SH600880,2008-09-18,134.9849,141.4308,129.9293,138.3975,899200,9567260.00,0.00385605,0.002448,12.6390
SH600880,2008-09-19,151.6685,152.3004,146.6128,152.3004,4193500,50463696.00,0.01798303,0.011417,12.6390
SH600880,2008-09-22,156.0921,166.8353,152.4268,160.6422,6546200,82382816.00,0.02807213,0.017823,12.6390
SH600880,2008-09-23,155.4602,155.8393,146.6128,151.9212,1819000,21933220.00,0.00780044,0.004953,12.6390
SH600880,2008-09-24,148.0031,152.9324,146.8656,151.5421,645500,7689226.00,0.00276810,0.001757,12.6390
SH600880,2008-09-25,149.7726,156.4713,149.1406,150.9101,929200,11244112.00,0.00398470,0.002530,12.6390
SH600880,2008-09-26,151.6685,155.4602,148.5087,154.5754,1138600,13831323.00,0.00488267,0.003100,12.6390
SH600880,2008-10-06,151.6685,151.6685,147.2448,148.8879,309100,3675578.00,0.00132552,0.000842,12.6390
SH600880,2008-10-07,147.8767,154.1963,141.5572,149.7726,365300,4348822.00,0.00156652,0.000995,12.6390
SH600880,2008-10-08,150.7837,150.7837,147.3712,149.3934,300400,3548089.00,0.00128821,0.000818,12.6390
SH600880,2008-10-09,154.0699,154.0699,145.7281,145.8545,392100,4622744.00,0.00168145,0.001068,12.6390
SH600880,2008-10-10,141.8100,150.4045,141.8100,144.8434,587600,6750674.00,0.00251981,0.001600,12.6390
SH600880,2008-10-13,144.8434,144.8434,133.9738,137.7655,1180800,12858819.00,0.00506364,0.003215,12.6390
SH600880,2008-10-14,141.3044,141.5572,125.1265,126.2640,2675200,28363128.00,0.01147209,0.007284,12.6390
SH600880,2008-10-15,126.2640,132.2043,125.2529,130.5613,1053800,10817087.00,0.00451902,0.002869,12.6390
SH600880,2008-10-16,126.3904,127.9071,120.0708,123.9890,1571300,15491445.00,0.00673822,0.004278,12.6390
SH600880,2008-10-17,125.1265,128.2862,120.1972,126.7695,412700,4066508.00,0.00176979,0.001124,12.6390
SH600880,2008-10-20,122.8514,130.1821,122.8514,130.0557,222800,2245719.00,0.00095544,0.000607,12.6390
SH600880,2008-10-21,130.1821,137.2599,130.1821,135.4905,778400,8326989.00,0.00333802,0.002119,12.6390
SH600880,2008-10-22,134.9849,137.3863,131.4460,133.2155,482500,5151158.00,0.00206911,0.001314,12.6390
SH600880,2008-10-23,132.7099,140.2933,127.6543,139.4086,454500,4907461.00,0.00194904,0.001237,12.6390
SH600880,2008-10-24,140.2933,140.2933,134.6057,136.2488,920400,9904288.00,0.00394696,0.002506,12.6390
SH600880,2008-10-27,134.4794,136.3752,131.4460,133.8474,675500,7165034.00,0.00289675,0.001839,12.6390
SH600880,2008-10-28,131.1932,134.7321,121.3348,133.3418,1730300,17929496.00,0.00742006,0.004711,12.6390
SH600880,2008-10-29,132.5835,132.7099,127.4015,130.1821,703700,7291570.00,0.00301768,0.001916,12.6390
SH600880,2008-10-30,130.9404,134.9849,128.9182,134.1002,659200,6895086.00,0.00282685,0.001795,12.6390
SH600880,2008-10-31,135.2377,138.3975,134.3530,136.8808,908800,9783399.00,0.00389722,0.002474,12.6390
SH600880,2008-11-03,137.2599,143.2003,133.0891,143.0739,1605800,17942022.00,0.00688617,0.004372,12.6390
SH600880,2008-11-04,146.3601,146.3601,137.7655,142.6947,1233500,13774214.00,0.00528963,0.003358,12.6390
SH600880,2008-11-05,140.0405,145.6017,140.0405,142.3156,2383600,26995836.00,0.01022161,0.006490,12.6390
SH600880,2008-11-06,140.9253,140.9253,136.5016,136.6280,182200,2001919.00,0.00078133,0.000496,12.6390
SH600880,2008-11-07,136.7544,140.2933,135.2377,139.7878,191900,2101808.00,0.00082293,0.000522,12.6390
SH600880,2008-11-10,137.7655,149.1406,137.7655,148.5087,1176700,13454976.00,0.00504605,0.003204,12.6390
SH600880,2008-11-11,148.3823,151.4157,145.4753,145.4753,1314400,15498454.00,0.00563655,0.003579,12.6390
SH600880,2008-11-12,142.9475,150.6573,142.8211,150.6573,1032300,12117478.00,0.00442682,0.002811,12.6390
SH600880,2008-11-13,146.6128,153.9435,146.6128,151.2893,2205700,26458440.00,0.00945872,0.006005,12.6390
SH600880,2008-11-14,151.7948,155.7129,149.8990,153.4379,2174900,26329440.00,0.00932664,0.005922,12.6390
SH600880,2008-11-17,153.5643,154.1963,148.5087,153.4379,1927500,23141616.00,0.00826572,0.005248,12.6390
SH600880,2008-11-18,152.9324,152.9324,140.0405,140.1669,2224000,25559942.00,0.00953720,0.006055,12.6390
SH600880,2008-11-19,139.0294,149.7726,139.0294,149.6462,1881000,21569910.00,0.00806631,0.005121,12.6390
SH600880,2008-11-20,146.4864,148.6351,142.9475,143.5795,1126400,12962609.00,0.00483035,0.003067,12.6390
SH600880,2008-11-21,141.0517,144.9698,136.5016,142.1892,701400,7823012.00,0.00300782,0.001910,12.6390
SH600880,2008-11-24,141.8100,144.7170,139.0294,144.3378,597500,6756577.00,0.00256226,0.001627,12.6390
SH600880,2008-11-25,145.8545,147.2448,138.9030,140.6725,1135300,12899107.00,0.00486852,0.003091,12.6390
SH600880,2008-11-26,143.4531,143.4531,135.2377,138.7766,890900,9720446.00,0.00382045,0.002426,12.6390
SH600880,2008-11-27,145.2225,147.3712,139.0294,139.2822,1360500,15443536.00,0.00583425,0.003704,12.6390
SH600880,2008-11-28,139.1558,139.1558,131.1932,133.4682,1118800,11893722.00,0.00479776,0.003046,12.6390
SH600880,2008-12-01,131.1932,140.9253,131.1932,139.0294,835700,9100916.00,0.00358374,0.002275,12.6390
SH600880,2008-12-02,136.5016,144.3378,135.3641,143.4531,1143700,12852337.00,0.00490454,0.003114,12.6390
SH600880,2008-12-03,144.3378,151.2893,143.4531,149.2670,2015000,23428604.00,0.00864094,0.005486,12.6390
SH600880,2008-12-04,151.4157,153.9435,146.3601,146.6128,3038800,36321876.00,0.01303132,0.008274,12.6390
SH600880,2008-12-05,146.6128,151.1629,145.4753,151.0365,993700,11659256.00,0.00426129,0.002706,12.6390
SH600880,2008-12-08,151.1629,157.7352,151.1629,157.4824,2393500,29336996.00,0.01026407,0.006517,12.6390
SH600880,2008-12-10,152.5532,156.4713,150.7837,155.7129,1214400,14807744.00,0.00520772,0.003306,12.6390
SH600880,2008-12-11,156.7241,156.7241,148.1295,149.1406,1890300,22552912.00,0.00810619,0.005147,12.6390
SH600880,2008-12-12,149.1406,150.6573,146.3601,149.6462,1534300,18009766.00,0.00657955,0.004177,12.6390
SH600880,2008-12-15,151.2893,160.3894,149.3934,159.6311,4197300,52484284.00,0.01799932,0.011428,12.6390
SH600880,2008-12-16,157.9880,166.7089,154.4490,165.8242,2448500,31001560.00,0.01049993,0.006666,12.6390
SH600880,2008-12-17,165.6978,167.4673,161.9061,165.5714,2307700,30060568.00,0.00989613,0.006283,12.6390
SH600880,2008-12-18,164.9394,179.4743,163.0436,176.5674,4406000,60776600.00,0.01889429,0.011996,12.6390
SH600880,2008-12-19,176.9465,179.6007,171.6381,176.0618,2335500,32521876.00,0.01001535,0.006359,12.6390
SH600880,2008-12-22,176.1882,178.9688,169.3631,176.0618,2416900,33535800.00,0.01036442,0.006580,12.6390
SH600880,2008-12-23,174.4187,179.4743,164.3075,166.5825,2716100,37464636.00,0.01164748,0.007395,12.6390
SH600880,2008-12-24,164.4339,171.6381,161.9061,169.2367,1327300,17535748.00,0.00569187,0.003614,12.6390
SH600880,2008-12-25,166.8353,170.3742,162.1589,164.4339,1216400,15971677.00,0.00521630,0.003312,12.6390
SH600880,2008-12-26,166.8353,166.8353,157.9880,158.7463,506700,6485079.00,0.00217289,0.001380,12.6390
SH600880,2008-12-29,159.2519,165.8242,155.7129,165.3186,708600,9082150.00,0.00303870,0.001929,12.6390
SH600880,2008-12-30,162.4116,167.8464,161.7797,166.0770,1289600,16872000.00,0.00553020,0.003511,12.6390
SH600880,2008-12-31,164.3075,171.0062,163.4228,167.4673,1608900,21165544.00,0.00689946,0.004380,12.6390
SH600880,2009-01-05,167.8464,170.6270,161.7797,168.0992,3293900,42948148.00,0.01412526,0.008968,12.6390
SH600880,2009-01-06,168.0992,169.8687,162.0325,168.8576,3883100,50698212.00,0.01665193,0.010572,12.6390
SH600880,2009-01-07,167.9728,168.0992,161.7797,164.9394,4842400,63261248.00,0.02076571,0.013184,12.6390
SH600880,2009-01-08,163.8019,163.8019,161.0213,161.2741,899900,11541128.00,0.00385406,0.002450,12.6390
SH600880,2009-01-09,159.8838,164.3075,159.2519,163.4228,1561400,19874568.00,0.00668711,0.004251,12.6390
SH600880,2009-01-12,162.4116,164.3075,160.1366,161.9061,2554600,32858596.00,0.01094076,0.006955,12.6390
SH600880,2009-01-13,160.5158,160.6422,156.7241,159.1255,2306400,28894166.00,0.00987777,0.006280,12.6390
SH600880,2009-01-14,158.8727,164.0547,157.7352,163.5492,1451700,18563200.00,0.00621729,0.003952,12.6390
SH600880,2009-01-15,161.5269,165.5714,160.7686,164.0547,1247600,16142265.00,0.00534318,0.003397,12.6390
SH600880,2009-01-16,164.0547,167.0881,161.5269,165.1922,2428200,31655970.00,0.01039941,0.006611,12.6390
SH600880,2009-01-19,166.3297,167.0881,162.7908,163.1700,1943900,25203528.00,0.00832527,0.005293,12.6390
SH600880,2009-01-20,162.7908,164.3075,160.5158,163.8019,727500,9379473.00,0.00311571,0.001981,12.6390
SH600880,2009-01-21,160.5158,162.1589,159.8838,159.8838,1022300,12988367.00,0.00437827,0.002783,12.6390
SH600880,2009-01-22,161.1477,161.7797,158.6199,161.5269,672200,8520007.00,0.00287888,0.001830,12.6390
SH600880,2009-01-23,161.7797,161.7797,151.6685,155.4602,1800700,22208248.00,0.00771198,0.004903,12.6390
SH600880,2009-02-02,157.2296,161.2741,155.5866,160.8950,1112500,14019699.00,0.00476458,0.003029,12.6390
SH600880,2009-02-03,160.7686,163.9283,156.4713,163.5492,4173900,52697572.00,0.01787584,0.011364,12.6390
SH600880,2009-02-04,163.2964,166.4561,160.5158,165.0658,6620800,85943392.00,0.02835534,0.018026,12.6390
SH600880,2009-02-05,165.5714,169.2367,164.6867,166.0770,4951900,65346480.00,0.02120783,0.013482,12.6390
SH600880,2009-02-06,167.2145,172.6493,166.2034,172.0173,9954900,133386176.00,0.04263452,0.027104,12.6390
SH600880,2009-02-09,174.7979,174.7979,167.9728,173.5340,10225800,138219200.00,0.04379472,0.027841,12.6390
SH600880,2009-02-10,172.0173,172.9020,168.8576,171.8909,7056700,95157824.00,0.03022220,0.019213,12.6390
SH600880,2009-02-11,174.4187,181.3702,173.7868,177.5785,15677200,219713776.00,0.06714179,0.042684,12.6390
SH600880,2009-02-12,179.2216,185.2883,177.5785,185.1619,13183000,190850336.00,0.05645972,0.035893,12.6390
SH600880,2009-02-13,187.8161,191.9870,182.6341,188.3217,17642200,261726496.00,0.07555743,0.048034,12.6390
SH600880,2009-02-16,193.3773,196.7898,186.5522,193.7565,19562000,297017184.00,0.08377949,0.053261,12.6390
SH600880,2009-02-17,193.1245,193.1245,184.5300,185.0355,14813100,220672288.00,0.06344106,0.040331,12.6390
SH600880,2009-02-18,181.3702,190.3439,179.4743,187.3106,15181900,222274896.00,0.06502054,0.041335,12.6390
SH600880,2009-02-19,188.5745,190.8495,183.8980,187.4369,8801700,130002504.00,0.03769563,0.023964,12.6390
SH600880,2009-02-20,187.4369,200.0760,185.9203,196.9162,16668900,256888976.00,0.07138901,0.045384,12.6390
SH600880,2009-02-23,197.1690,201.5927,193.5037,198.3065,11545300,180488992.00,0.04944583,0.031434,12.6390
SH600880,2009-02-24,195.9051,196.9162,183.2661,184.9091,10381600,155908432.00,0.04446197,0.028266,12.6390
SH600880,2009-02-25,187.8161,188.3217,176.9465,180.8646,6900200,98657680.00,0.02955195,0.018787,12.6390
SH600880,2009-02-26,180.4855,184.5300,165.6978,172.9020,5828500,81623104.00,0.02496211,0.015869,12.6390
SH600880,2009-02-27,171.1326,176.8201,165.5714,167.8464,4817400,64704732.00,0.02063180,0.013116,12.6390
SH600880,2009-03-02,167.8464,174.5451,166.8353,174.0396,3888300,52994632.00,0.01665268,0.010587,12.6390
SH600880,2009-03-03,171.3854,173.7868,168.3520,171.2590,3894700,52639856.00,0.01668009,0.010604,12.6390
SH600880,2009-03-05,186.4258,186.4258,174.1659,177.8313,10186300,145361616.00,0.04362555,0.027734,12.6390
SH600880,2009-03-06,173.6604,181.8758,172.0173,176.1882,5062500,70837240.00,0.02168151,0.013783,12.6390
SH600880,2009-03-09,176.3146,179.4743,165.8242,167.9728,4431200,60435456.00,0.01897780,0.012065,12.6390
SH600880,2009-03-10,166.8353,173.7868,166.0770,173.2812,4231500,57154032.00,0.01812253,0.011521,12.6390
SH600880,2009-03-11,176.8201,177.7049,168.4784,172.2701,6085700,82992416.00,0.02606363,0.016569,12.6390
SH600880,2009-03-12,168.8576,176.8201,168.8576,175.4299,5243700,72183104.00,0.02245755,0.014277,12.6390
SH600880,2009-03-13,175.0507,178.9688,172.5229,174.7979,3296700,45769304.00,0.01411900,0.008976,12.6390
SH600880,2009-03-16,174.6715,177.7049,173.2812,176.9465,3051100,42559624.00,0.01306715,0.008307,12.6390
SH600880,2009-03-17,178.3368,182.6341,176.4410,182.1285,6710500,95282144.00,0.02873951,0.018270,12.6390
SH600880,2009-03-18,182.0008,186.2156,178.9356,183.4058,6150300,87552536.00,0.02634030,0.016745,12.7719
SH600880,2009-03-19,184.1721,185.9602,181.3622,184.5552,6220200,89459176.00,0.02663967,0.016936,12.7719
SH600880,2009-03-20,183.9166,184.2998,178.8078,181.8731,4985100,70382744.00,0.02135002,0.013573,12.7719
SH600880,2009-03-23,180.5959,184.2998,178.9356,183.2780,5333600,76011520.00,0.02284257,0.014522,12.7719
SH600880,2009-03-24,184.1721,184.8107,181.1068,181.4900,4359100,62141724.00,0.01866901,0.011868,12.7719
SH600880,2009-03-25,181.4900,181.4900,173.6990,177.9138,9162800,126491608.00,0.03924214,0.024947,12.7719
SH600880,2009-03-26,175.6148,180.4682,175.4871,179.4464,6809600,95078408.00,0.02916393,0.018540,12.7719
SH600880,2009-03-27,180.9791,181.2345,177.0198,179.3187,4640900,64902980.00,0.01987589,0.012636,12.7719
SH600880,2009-03-30,179.1910,182.3840,177.9138,180.0850,3508400,49509512.00,0.01452790,0.009349,12.7719
SH600880,2009-03-31,176.7643,186.9819,176.7643,186.4710,8959300,128474768.00,0.03709949,0.023873,12.7719
SH600880,2009-04-01,187.8760,193.6233,187.3651,189.4086,13200100,196506848.00,0.05466018,0.035173,12.7719
SH600880,2009-04-02,190.5581,190.5581,186.8542,188.5146,7357700,108794736.00,0.03046743,0.019606,12.7719
SH600880,2009-04-03,188.2591,190.1749,183.0226,186.8542,7148600,104834408.00,0.02960157,0.019048,12.7719
SH600880,2009-04-07,187.3651,189.7918,185.9602,189.5363,4380800,64495260.00,0.01814042,0.011673,12.7719
SH600880,2009-04-08,187.7482,187.7482,180.4682,183.9166,4945600,71117624.00,0.02047919,0.013178,12.7719
SH600880,2009-04-09,182.0008,184.8107,181.4900,184.2998,2859700,41134512.00,0.01184171,0.007620,12.7719
SH600880,2009-04-10,186.4710,191.1967,186.4710,188.6423,11105200,163827952.00,0.04598542,0.029591,12.7719
SH600880,2009-04-13,188.6423,195.0283,188.5146,192.7293,12896400,194878304.00,0.05340259,0.034364,12.7719
SH600880,2009-04-14,192.7293,194.0065,189.0254,193.7511,8060800,120844368.00,0.03337890,0.021479,12.7719
SH600880,2009-04-15,193.6233,193.6233,187.8760,192.4739,7263200,108846456.00,0.03007612,0.019354,12.7719
SH600880,2009-04-16,192.3461,196.4332,191.0690,194.9005,8192100,124785056.00,0.03392259,0.021829,12.7719
SH600880,2009-04-17,194.9005,195.5391,188.3868,190.0472,6695700,100678752.00,0.02772617,0.017842,12.7719
SH600880,2009-04-20,190.5581,201.0311,190.3026,200.3925,17811300,276047360.00,0.07375465,0.047460,12.7719
SH600880,2009-04-21,197.9658,220.4445,196.6886,210.4824,20125800,331669120.00,0.08333875,0.053628,12.7719
SH600880,2009-04-22,214.3140,214.4417,193.6233,197.8381,9323400,149657856.00,0.03860718,0.024843,12.7719
SH600880,2009-04-23,196.5609,205.5013,195.4114,203.2023,5513600,86662304.00,0.02283122,0.014692,12.7719
SH600880,2009-04-24,204.3518,207.5448,198.7321,202.1806,4856400,76985096.00,0.02010982,0.012940,12.7719
SH600880,2009-04-27,202.4360,204.3518,191.5798,191.7075,5241900,80849872.00,0.02170614,0.013968,12.7719
SH600880,2009-04-28,191.3244,193.8788,187.1096,190.5581,3734200,55479588.00,0.01546292,0.009950,12.7719
SH600880,2009-04-29,190.5581,196.1777,187.7482,194.9005,4542700,68647400.00,0.01881083,0.012105,12.7719
SH600880,2009-04-30,197.4549,200.5202,195.1560,197.1995,6667500,103126600.00,0.02760939,0.017766,12.7719
SH600880,2009-05-04,197.1995,202.5637,195.1560,201.6697,5078400,79386312.00,0.02102910,0.013532,12.7719
SH600880,2009-05-05,203.7132,206.9062,199.8816,205.5013,7786000,124049032.00,0.03224098,0.020747,12.7719
SH600880,2009-05-06,205.3736,206.7785,200.9034,206.2676,9848000,157068736.00,0.04077950,0.026241,12.7719
SH600880,2009-05-07,208.0557,209.2052,200.3925,202.0529,10686300,171460416.00,0.04425081,0.028475,12.7719
SH600880,2009-05-08,201.1588,201.1588,194.1342,198.6044,6595600,102198472.00,0.02731166,0.017575,12.7719
SH600880,2009-05-11,198.6044,200.3925,190.3026,190.5581,6494000,98730144.00,0.02689095,0.017304,12.7719
SH600880,2009-05-12,189.0254,195.2837,188.0037,194.9005,2363100,35457536.00,0.00978534,0.006297,12.7719
SH600880,2009-05-13,194.9005,194.9005,188.8977,190.3026,6998000,104649280.00,0.02897796,0.018647,12.7719
SH600880,2009-05-14,190.0472,192.6016,188.0037,192.3461,4783100,71318384.00,0.01980630,0.012745,12.7719
SH600880,2009-05-15,192.6016,201.7974,189.4086,197.7104,11329300,172897664.00,0.04691340,0.030188,12.7719
SH600880,2009-05-18,196.5609,206.0122,195.4114,204.3518,15636600,246960992.00,0.06474946,0.041666,12.7719
SH600880,2009-05-19,207.5448,211.5041,202.8192,206.1399,16844600,271747584.00,0.06975166,0.044885,12.7719
SH600880,2009-05-20,205.5013,219.6782,201.1588,213.4199,25861900,429672256.00,0.10709131,0.068912,12.7719
SH600880,2009-05-21,215.2080,234.4937,215.2080,224.9147,35333300,629585344.00,0.14631135,0.094150,12.7719
SH600880,2009-05-25,223.1267,245.8608,220.7000,233.7274,26703300,490383936.00,0.11057546,0.071154,12.7719
SH600880,2009-05-26,233.9828,244.3282,227.3414,233.9828,16813100,312641920.00,0.06962122,0.044801,12.7719
SH600880,2009-05-27,235.6432,240.3688,226.7028,229.5126,10267000,186488608.00,0.04251453,0.027358,12.7719
SH600880,2009-06-01,229.5126,232.4502,222.6158,228.2354,13609100,243515328.00,0.05635380,0.036263,12.7719
SH600880,2009-06-02,229.7681,247.7766,224.9147,244.8390,14712500,277020896.00,0.06092286,0.039203,12.7719
SH600880,2009-06-03,243.6896,253.9072,239.8580,242.1569,8896900,171678720.00,0.03684109,0.023707,12.7719
SH600880,2009-06-04,241.3906,243.1787,235.0046,242.1569,4772000,89235816.00,0.01976033,0.012716,12.7719
SH600880,2009-06-08,266.4237,266.4237,252.8854,256.9724,14586600,297547264.00,0.06040152,0.038868,12.7719
SH600880,2009-06-09,254.5458,261.5703,249.0538,256.8447,6661500,132711104.00,0.02758455,0.017750,12.7719
SH600880,2009-06-10,257.2279,257.8665,248.9261,251.3528,7325500,143976144.00,0.03033410,0.019520,12.7719
SH600880,2009-06-11,251.6082,254.1626,247.7766,251.2250,3248100,63650108.00,0.01345003,0.008655,12.7719
SH600880,2009-06-12,251.3528,253.1408,243.0510,246.6271,3971900,77007352.00,0.01644721,0.010584,12.7719
SH600880,2009-06-15,246.6271,266.0405,244.7113,264.1247,7618300,153124320.00,0.03154655,0.020300,12.7719
SH600880,2009-06-16,259.3991,264.5079,255.1844,260.4209,4255100,86737320.00,0.01761991,0.011338,12.7719
SH600880,2009-06-17,256.0784,270.7662,256.0784,267.3177,4372900,91085176.00,0.01810770,0.011652,12.7719
SH600880,2009-06-18,268.2118,283.7936,268.2118,278.6848,7268400,157588720.00,0.03009765,0.019368,12.7719
SH600880,2009-06-19,280.9838,298.6091,280.9838,291.2014,9260400,209056640.00,0.03834631,0.024675,12.7719
SH600880,2009-06-22,289.9242,290.5628,279.8343,283.5382,4257000,95156408.00,0.01762777,0.011343,12.7719
SH600880,2009-06-23,280.9838,296.3102,278.4294,284.8154,6713100,153020496.00,0.02779822,0.017888,12.7719
SH600880,2009-06-25,286.0926,306.2723,271.7879,296.3102,8274900,186016800.00,0.03426546,0.022049,12.7719
SH600880,2009-06-26,291.0736,295.0330,276.5136,280.2175,6597300,146924096.00,0.02731870,0.017579,12.7719
SH600880,2009-06-29,280.7283,284.8154,274.5978,280.8561,3243200,70739800.00,0.01342974,0.008642,12.7719
SH600880,2009-06-30,278.4294,280.9838,270.2553,270.6385,4602000,98657328.00,0.01905638,0.012263,12.7719
SH600880,2009-07-01,270.6385,278.1739,267.9563,274.4701,5242600,111184072.00,0.02170904,0.013970,12.7719
SH600880,2009-07-02,278.3017,278.3017,268.0841,271.0216,9395400,199230224.00,0.03890533,0.025035,12.7719
SH600880,2009-07-03,270.5107,277.1522,269.4890,273.9592,7584300,162558096.00,0.03140576,0.020209,12.7719
SH600880,2009-07-06,276.5136,278.0462,269.4890,272.9374,5611000,119531440.00,0.02323454,0.014951,12.7719
SH600880,2009-07-07,273.4483,273.9592,269.3613,270.3830,4890100,103733088.00,0.02024937,0.013030,12.7719
SH600880,2009-07-08,270.7662,276.5136,268.3395,276.1304,5626500,120488832.00,0.02329872,0.014993,12.7719
SH600880,2009-07-09,274.5978,283.2827,273.7037,280.3452,6025800,132017408.00,0.02495218,0.016056,12.7719
SH600880,2009-07-10,281.3669,283.7936,275.8750,276.8967,5165100,112269520.00,0.02138812,0.013763,12.7719
SH600880,2009-07-13,278.6848,278.6848,271.4048,272.5543,5013400,107279760.00,0.02075994,0.013359,12.7719
SH600880,2009-07-14,272.4265,274.9809,270.6385,273.8315,8272900,176361856.00,0.03425718,0.022044,12.7719
SH600880,2009-07-15,275.8750,278.4294,270.7662,277.7908,10974000,235880816.00,0.04544214,0.029242,12.7719
SH600880,2009-07-16,279.0680,291.7122,276.1304,280.8561,12213600,272735488.00,0.05057519,0.032545,12.7719
SH600880,2009-07-17,282.3887,294.3944,280.3452,286.4757,13634200,306258336.00,0.05645774,0.036330,12.7719
SH600880,2009-07-20,293.5003,294.7775,287.7529,293.7558,16802700,383744288.00,0.06957815,0.044773,12.7719
SH600880,2009-07-21,296.0547,300.9081,283.5382,286.0926,16095700,369735616.00,0.06665054,0.042889,12.7719
SH600880,2009-07-22,286.0926,292.4786,284.8154,289.7964,8395800,189924256.00,0.03476609,0.022372,12.7719
SH600880,2009-07-23,295.1607,300.5249,289.4133,291.3291,11348800,261252192.00,0.04699415,0.030240,12.7719
SH600880,2009-07-24,293.7558,293.7558,273.3206,278.3017,14989000,329628128.00,0.06206782,0.039940,12.7719
SH600880,2009-07-27,279.8343,283.4105,275.8750,280.4729,13440700,293188160.00,0.05565648,0.035814,12.7719
SH600880,2009-07-28,279.9620,279.9620,271.7879,275.3641,11034000,236841120.00,0.04569059,0.029401,12.7719
SH600880,2009-07-29,274.7255,274.7255,250.3310,257.9942,9372300,195521584.00,0.03880967,0.024974,12.7719
SH600880,2009-07-30,256.9724,266.1683,254.1626,265.9128,7715000,158058496.00,0.03194698,0.020558,12.7719
SH600880,2009-07-31,267.8286,273.3206,264.3802,271.5325,4982600,105453512.00,0.02063240,0.013277,12.7719
SH600880,2009-08-03,271.5325,273.1929,263.2307,268.4672,7810400,163322592.00,0.03234202,0.020812,12.7719
SH600880,2009-08-04,271.1493,271.2771,261.8258,269.2335,6997300,145106512.00,0.02897506,0.018645,12.7719
SH600880,2009-08-05,270.5107,279.3234,270.1276,273.8315,8847800,190445328.00,0.03663778,0.023576,12.7719
SH600880,2009-08-06,273.0651,276.5136,263.1030,270.7662,5275400,111605344.00,0.02184486,0.014057,12.7719
SH600880,2009-08-07,268.8504,271.7879,260.5486,261.8258,4384400,91580688.00,0.01815532,0.011683,12.7719
SH600880,2009-08-10,267.7009,267.7009,261.6981,264.8911,2441700,50310872.00,0.01011081,0.006506,12.7719
SH600880,2009-08-11,265.1465,267.8286,262.0812,266.9346,2248600,46751256.00,0.00931121,0.005992,12.7719
SH600880,2009-08-12,265.6574,265.6574,251.0973,251.4805,4215900,85119976.00,0.01745031,0.011234,12.7719
SH600880,2009-08-13,251.7359,253.2686,242.4124,245.4776,6484100,124558264.00,0.02683877,0.017278,12.7719
SH600880,2009-08-14,245.7331,245.8608,228.3632,228.8740,8743600,160674176.00,0.03619122,0.023298,12.7719
SH600880,2009-08-17,227.3414,229.1295,220.8277,221.3386,6197900,108975544.00,0.02565414,0.016515,12.7719
SH600880,2009-08-18,220.9554,232.4502,217.6347,232.4502,5253600,92614992.00,0.02174553,0.013999,12.7719
SH600880,2009-08-20,224.1484,246.8826,221.5940,246.6271,9107700,168570128.00,0.03769829,0.024269,12.7719
SH600880,2009-08-21,241.3906,251.0973,239.2194,246.7548,5305000,102301072.00,0.02195828,0.014136,12.7719
SH600880,2009-08-24,245.9885,254.5458,241.6460,250.8419,4899200,95367352.00,0.02027861,0.013055,12.7719
SH600880,2009-08-25,249.0538,261.1872,243.5618,256.8447,6308900,124072320.00,0.02611359,0.016811,12.7719
SH600880,2009-08-26,255.3121,260.4209,254.2903,257.9942,5908800,119114640.00,0.02445751,0.015745,12.7719
SH600880,2009-08-27,257.8665,263.7416,254.1626,261.1872,4723800,96010336.00,0.01955260,0.012587,12.7719
SH600880,2009-08-28,258.6328,260.5486,247.7766,259.6545,5812600,115444496.00,0.02405932,0.015488,12.7719
SH600880,2009-08-31,257.3556,257.3556,238.1976,243.3064,3396300,66366924.00,0.01405785,0.009050,12.7719
SH600880,2009-09-01,241.3906,246.1162,239.2194,240.2411,2440100,46396704.00,0.01009998,0.006502,12.7719
SH600880,2009-09-02,237.5590,247.5212,236.2818,243.5618,2077200,39682168.00,0.00859788,0.005535,12.7719
SH600880,2009-09-03,247.9043,260.4209,245.9885,258.2496,4775200,95886256.00,0.01976535,0.012724,12.7719
SH600880,2009-09-04,259.3991,262.0812,254.1626,256.7170,4007200,80766144.00,0.01658647,0.010678,12.7719
SH600880,2009-09-07,259.2714,275.2364,254.4180,273.1929,10539100,221978176.00,0.04362309,0.028083,12.7719
SH600880,2009-09-08,271.7879,277.1522,268.2118,273.7037,4420700,94423016.00,0.01829802,0.011780,12.7719
SH600880,2009-09-09,271.7879,275.8750,266.6791,272.2988,4145500,88255520.00,0.01715892,0.011046,12.7719
SH600880,2009-09-10,268.2118,273.9592,261.8258,266.1683,4040300,84568112.00,0.01672348,0.010766,12.7719
SH600880,2009-09-11,264.2525,278.8125,263.4861,267.7009,5940900,126912512.00,0.02459038,0.015830,12.7719
SH600880,2009-09-14,270.2553,273.9592,264.5079,271.1493,4979600,105052688.00,0.02061140,0.013269,12.7719
SH600880,2009-09-15,276.5136,286.7312,276.5136,279.9620,13766300,303749920.00,0.05698101,0.036682,12.7719
SH600880,2009-09-16,279.7066,279.7066,270.7662,276.0027,5832700,125656848.00,0.02414252,0.015542,12.7719
SH600880,2009-09-17,276.3859,286.0926,274.5978,283.0273,8351500,183743088.00,0.03456825,0.022254,12.7719
SH600880,2009-09-18,283.5382,288.6470,274.2146,275.6195,7780100,172588928.00,0.03220313,0.020731,12.7719
SH600880,2009-09-21,273.3206,275.7473,264.6356,271.5325,4018400,84959704.00,0.01663283,0.010708,12.7719
SH600880,2009-09-22,272.0434,283.0273,268.4672,273.3206,6832400,148717376.00,0.02828044,0.018206,12.7719
SH600880,2009-09-23,270.7662,274.5978,255.4398,255.9507,4272100,88902032.00,0.01768293,0.011384,12.7719
SH600880,2009-09-24,254.1626,264.7633,247.2657,259.7823,3717200,74595632.00,0.01538611,0.009905,12.7719
SH600880,2009-09-25,255.4398,262.0812,254.4180,257.9942,1892600,38462672.00,0.00783379,0.005043,12.7719
SH600880,2009-09-28,263.1030,268.2118,257.4833,258.1219,2967300,60884984.00,0.01228215,0.007907,12.7719
SH600880,2009-09-29,255.5675,260.8040,249.8201,258.6328,1941600,38941880.00,0.00803661,0.005174,12.7719
SH600880,2009-09-30,260.5486,262.9753,254.1626,255.9507,1437000,28989388.00,0.00594798,0.003829,12.7719
SH600880,2009-10-09,261.6981,264.3802,256.7170,263.1030,2170500,44577672.00,0.00898406,0.005784,12.7719
SH600880,2009-10-12,263.7416,271.1493,261.9535,268.0841,2883600,60253476.00,0.01193570,0.007684,12.7719
SH600880,2009-10-13,268.0841,277.1522,265.6574,273.9592,2237700,47952824.00,0.00926221,0.005963,12.7719
SH600880,2009-10-14,274.8532,279.9620,268.2118,271.4048,4173400,89483848.00,0.01727440,0.011121,12.7719
SH600880,2009-10-15,272.0434,278.4294,268.2118,271.1493,4102300,87230600.00,0.01698010,0.010931,12.7719
SH600880,2009-10-16,271.1493,277.7908,269.2335,277.5353,4991800,107632640.00,0.02066189,0.013301,12.7719
SH600880,2009-10-19,279.7066,283.5382,276.2581,278.5571,4212100,91882048.00,0.01743458,0.011224,12.7719
SH600880,2009-10-20,281.1115,287.2421,281.1115,286.7312,7601900,169513136.00,0.03146553,0.020256,12.7719
SH600880,2009-10-21,285.9649,285.9649,278.8125,279.0680,3645700,80274024.00,0.01509016,0.009714,12.7719
SH600880,2009-10-22,278.1739,280.9838,272.1711,277.4076,3671400,79217000.00,0.01519654,0.009783,12.7719
SH600880,2009-10-23,277.1522,289.4133,276.0027,281.4947,6520100,145034960.00,0.02698778,0.017374,12.7719
SH600880,2009-10-26,281.2392,283.0273,275.8750,276.7690,3018100,65639448.00,0.01249242,0.008042,12.7719
SH600880,2009-10-27,276.6413,278.0462,272.2988,276.1304,2717300,58476968.00,0.01124736,0.007241,12.7719
SH600880,2009-10-28,275.6195,277.7908,272.2988,276.8967,2065100,44494068.00,0.00854779,0.005503,12.7719
SH600880,2009-10-29,273.9592,282.2610,271.9157,277.0245,2688500,58598836.00,0.01112815,0.007164,12.7719
SH600880,2009-10-30,279.7066,287.6252,275.4918,287.1143,7043600,157275056.00,0.02915464,0.018769,12.7719
SH600880,2009-11-02,282.2610,298.3537,276.0027,297.9705,7794000,178734512.00,0.03226067,0.020768,12.7719
SH600880,2009-11-03,297.5874,300.0140,293.7558,296.3102,4626800,107482592.00,0.01915110,0.012329,12.7719
SH600880,2009-11-04,294.0112,298.8646,290.9459,295.2884,3424200,78915040.00,0.01417334,0.009124,12.7719
SH600880,2009-11-05,293.6280,296.3102,289.9242,292.0954,2617900,60002392.00,0.01083593,0.006976,12.7719
SH600880,2009-11-06,295.1607,296.3102,290.6905,291.5845,3551700,81435088.00,0.01470108,0.009464,12.7719
SH600880,2009-11-09,291.7122,292.4786,282.8996,290.8182,4459000,100324248.00,0.01845655,0.011882,12.7719
SH600880,2009-11-10,290.3073,297.2042,290.3073,293.6280,3893300,89699728.00,0.01611502,0.010374,12.7719
SH600880,2009-11-11,293.7558,293.7558,287.3698,289.1578,2495000,56467864.00,0.01032722,0.006648,12.7719
SH600880,2009-11-12,289.4133,297.5874,286.4757,293.5003,3375900,77095504.00,0.01397341,0.008996,12.7719
SH600880,2009-11-13,290.9459,293.5003,286.7312,292.2231,2661100,60393876.00,0.01101474,0.007091,12.7719
SH600880,2009-11-16,293.7558,302.0576,293.3726,298.7368,4911700,114848576.00,0.02033035,0.013088,12.7719
SH600880,2009-11-17,298.6091,305.6337,295.6716,303.4625,4215600,99676424.00,0.01744907,0.011233,12.7719
SH600880,2009-11-18,303.9734,306.4000,299.5032,302.9516,3226800,76323720.00,0.01335626,0.008598,12.7719
SH600880,2009-11-19,306.0169,313.0415,302.6962,312.2752,4561100,110455104.00,0.01887915,0.012154,12.7719
SH600880,2009-11-20,312.2752,321.2155,307.1664,315.2127,4172000,102969448.00,0.01726860,0.011117,12.7719
SH600880,2009-11-23,314.8296,315.9790,309.8485,310.8702,3597200,87888520.00,0.01488941,0.009585,12.7719
SH600880,2009-11-24,312.4029,313.5524,293.7558,294.9052,6643700,158473712.00,0.02749938,0.017703,12.7719
SH600880,2009-11-25,294.3944,309.7208,294.3944,307.4218,4687400,111110280.00,0.01940193,0.012490,12.7719
SH600880,2009-11-26,312.7860,325.3026,309.7208,312.4029,8462200,210655232.00,0.03502646,0.022549,12.7719
SH600880,2009-11-27,310.1039,342.6725,304.9951,337.6914,13263900,340874304.00,0.05490150,0.035343,12.7719
SH600880,2009-11-30,332.0717,347.3981,327.9847,344.0774,13301500,354483968.00,0.05505713,0.035443,12.7719
SH600880,2009-12-01,338.5855,352.2515,335.9033,346.2487,6277500,171027552.00,0.02598362,0.016727,12.7719
SH600880,2009-12-02,346.1209,349.3139,337.5637,341.0121,4398700,117792208.00,0.01820695,0.011721,12.7719
SH600880,2009-12-03,338.3300,344.5883,328.2401,333.7321,6650900,173796816.00,0.02752919,0.017722,12.7719
SH600880,2009-12-04,332.0717,336.7974,328.2401,330.2837,5050700,131407568.00,0.02090569,0.013458,12.7719
SH600880,2009-12-07,330.0282,347.0150,327.9847,343.6943,4659200,122704440.00,0.01928521,0.012415,12.7719
SH600880,2009-12-08,342.0339,348.5476,333.4767,342.1616,3196400,85372392.00,0.01323043,0.008517,12.7719
SH600880,2009-12-09,341.0121,352.1238,338.0746,341.1399,2086200,56159284.00,0.00863513,0.005559,12.7719
SH600880,2009-12-10,343.3111,346.7595,329.3896,330.6668,2682800,70215304.00,0.01110456,0.007149,12.7719
SH600880,2009-12-11,330.7945,338.7132,329.7728,334.1153,2744800,71642864.00,0.01136119,0.007314,12.7719
SH600880,2009-12-14,336.1588,336.1588,326.9629,328.2401,2748100,70989672.00,0.01137484,0.007323,12.7719
SH600880,2009-12-15,331.5609,342.2893,323.3868,341.3953,5221900,134996384.00,0.02161432,0.013914,12.7719
SH600880,2009-12-16,336.7974,344.7160,335.3925,343.1834,2264200,60583624.00,0.00937190,0.006033,12.7719
SH600880,2009-12-17,340.3735,344.8437,328.2401,331.9440,3286300,86259560.00,0.01360254,0.008757,12.7719
SH600880,2009-12-18,326.3243,334.6261,314.1910,319.1720,2582700,65481544.00,0.01069023,0.006882,12.7719
SH600880,2009-12-21,316.7454,323.8977,310.7425,313.2969,1978100,49135728.00,0.00818769,0.005271,12.7719
SH600880,2009-12-22,314.1910,326.3243,313.2969,317.3840,4598900,115525920.00,0.01903561,0.012254,12.7719
SH600880,2009-12-23,321.2155,334.6261,318.0226,332.3272,8616600,222977792.00,0.03566555,0.022960,12.7719
SH600880,2009-12-24,334.6261,362.8522,330.4114,344.5883,6558000,174870192.00,0.02714466,0.017475,12.7719
SH600880,2009-12-25,339.7349,356.0831,335.9033,346.5041,4350400,118294656.00,0.01800703,0.011592,12.7719
SH600880,2009-12-28,352.5069,357.6157,347.3981,351.2297,2450700,67433344.00,0.01014386,0.006530,12.7719
SH600880,2009-12-29,351.8683,357.1048,341.1399,347.1427,3621900,98488864.00,0.01499165,0.009651,12.7719
SH600880,2009-12-30,347.1427,347.1427,332.0717,337.4360,5474300,144891376.00,0.02265904,0.014587,12.7719
SH600880,2009-12-31,337.1805,345.4823,334.6261,343.9497,4784100,127532056.00,0.01980219,0.012748,12.7719
SH600880,2010-01-04,345.7378,361.4473,343.6943,360.1701,4246400,118073872.00,0.01757656,0.011315,12.7719
SH600880,2010-01-05,356.5940,378.0509,354.8059,377.5400,4742700,137269408.00,0.01963083,0.012638,12.7719
SH600880,2010-01-06,373.5807,382.9043,369.1105,373.7084,3135500,92184792.00,0.01297836,0.008355,12.7719
SH600880,2010-01-07,368.8551,374.2193,358.6375,364.3849,3163600,90404424.00,0.01309467,0.008430,12.7719
SH600880,2010-01-08,366.1730,366.5561,360.1701,364.1294,1944100,55212552.00,0.00804695,0.005180,12.7719
SH600880,2010-01-11,370.2600,381.8825,361.1919,381.3716,3001700,87677360.00,0.01242454,0.007998,12.7719
SH600880,2010-01-12,381.3716,387.7576,374.3470,379.9667,3941100,117893528.00,0.01631287,0.010502,12.7719
SH600880,2010-01-13,371.9204,407.2988,368.9828,399.2524,7146600,223030800.00,0.02958097,0.019043,12.7719
SH600880,2010-01-14,401.8068,420.9648,389.9289,412.9185,5527200,176024704.00,0.02287800,0.014728,12.7719
SH600880,2010-01-15,408.7037,412.4076,402.5731,408.5760,1759200,55981384.00,0.00728162,0.004688,12.7719
SH600880,2010-01-18,402.5731,409.9809,398.2307,408.5760,2029200,63846196.00,0.00839920,0.005407,12.7719
SH600880,2010-01-19,406.9156,406.9156,394.1436,402.9563,3633300,113179720.00,0.01503884,0.009681,12.7719
SH600880,2010-01-20,396.3149,404.2335,389.5457,392.3555,1964600,60721624.00,0.00813181,0.005235,12.7719
SH600880,2010-01-21,390.1843,398.6138,373.9639,386.8636,1847300,55450072.00,0.00764628,0.004922,12.7719
SH600880,2010-01-22,384.6923,385.5864,373.5807,376.7737,2490200,73796408.00,0.01030735,0.006635,12.7719
SH600880,2010-01-25,374.9856,380.6053,367.8333,377.0292,3291300,96396864.00,0.01362324,0.008770,12.7719
SH600880,2010-01-26,377.4123,380.0944,357.4880,367.0670,4741900,135374304.00,0.01962752,0.012635,12.7719
SH600880,2010-01-27,364.0017,370.3877,351.2297,361.3196,3216200,91225168.00,0.01331239,0.008570,12.7719
SH600880,2010-01-28,361.4473,371.6649,358.2543,370.2600,1939100,55256564.00,0.00802626,0.005167,12.7719
SH600880,2010-01-29,372.8144,379.5836,365.5344,368.9828,1432900,41932104.00,0.00593101,0.003818,12.7719
SH600880,2010-02-01,368.9828,370.2600,357.6157,366.6838,2113300,60363320.00,0.00874730,0.005631,12.7719
SH600880,2010-02-02,369.8768,376.1351,367.8333,372.5590,1610800,47093696.00,0.00666737,0.004292,12.7719
SH600880,2010-02-03,376.0074,376.0074,344.9715,358.1266,3777100,106415536.00,0.01563405,0.010065,12.7719
SH600880,2010-02-04,358.2543,364.0017,355.0613,359.2761,2969900,83716872.00,0.01229291,0.007914,12.7719
SH600880,2010-02-05,352.5069,355.0613,346.1209,353.0178,2024000,55550740.00,0.00837767,0.005393,12.7719
SH600880,2010-02-08,354.9336,354.9336,345.4823,351.4852,1213600,33211996.00,0.00502329,0.003234,12.7719
SH600880,2010-02-09,354.9336,357.6157,351.2297,353.7841,759100,21129666.00,0.00314204,0.002023,12.7719
SH600880,2010-02-10,356.3385,362.7245,355.4445,362.3414,557800,15684252.00,0.00230883,0.001486,12.7719
SH600880,2010-02-11,363.2354,365.0235,356.9771,358.6375,1122800,31693500.00,0.00464746,0.002992,12.7719
SH600880,2010-02-12,359.4038,372.9421,355.3168,370.8986,1828900,52062176.00,0.00757012,0.004873,12.7719
SH600880,2010-02-22,376.2628,376.2628,361.4473,364.6403,1515100,43578200.00,0.00627125,0.004037,12.7719
SH600880,2010-02-23,361.5750,362.9800,359.2761,360.8087,734500,20766456.00,0.00304022,0.001957,12.7719
SH600880,2010-02-24,361.3196,381.1162,361.1919,380.7330,2505900,73684392.00,0.01037234,0.006677,12.7719
SH600880,2010-02-25,380.7330,399.7633,380.7330,394.3991,3974900,122740216.00,0.01645277,0.010592,12.7719
SH600880,2010-02-26,394.5268,403.5949,387.6299,398.4861,2209500,69052872.00,0.00914549,0.005887,12.7719
SH600880,2010-03-01,401.0405,402.9563,393.3773,397.7198,1207200,37722500.00,0.00499680,0.003217,12.7719
SH600880,2010-03-02,397.7198,401.9345,388.6517,389.4180,1868400,57555600.00,0.00773362,0.004979,12.7719
SH600880,2010-03-03,388.6517,395.6763,383.1597,390.1843,1381800,41993136.00,0.00571950,0.003682,12.7719
SH600880,2010-03-04,390.9506,391.8447,380.0944,380.7330,1743200,52489436.00,0.00721540,0.004645,12.7719
SH600880,2010-03-05,377.0292,386.9913,376.9014,384.4369,1057300,31753248.00,0.00437634,0.002817,12.7719
SH600880,2010-03-08,382.1380,388.9071,375.3688,384.3092,1600800,47496464.00,0.00662598,0.004266,12.7719
SH600880,2010-03-09,378.1786,383.7983,375.4965,380.3499,619000,18391148.00,0.00256214,0.001649,12.7719
SH600880,2010-03-10,380.3499,394.5268,372.9421,374.7302,2338600,70220432.00,0.00967986,0.006231,12.7719
SH600880,2010-03-11,370.5154,379.9667,370.5154,373.9639,694000,20358080.00,0.00287258,0.001849,12.7719
SH600880,2010-03-12,373.9639,376.7737,366.5561,368.9828,555100,16141030.00,0.00229765,0.001479,12.7719
SH600880,2010-03-15,368.8551,375.3688,352.7624,372.8144,3169400,89396952.00,0.01311868,0.008445,12.7719
SH600880,2010-03-16,369.1105,371.4095,357.7434,369.6214,1667800,47731508.00,0.00690330,0.004444,12.7719
SH600880,2010-03-17,368.8551,375.4965,365.1512,375.2411,984300,28686134.00,0.00407418,0.002623,12.7719
SH600880,2010-03-18,379.3281,379.9667,370.5154,375.2411,1226700,36007576.00,0.00507752,0.003269,12.7719
SH600880,2010-03-19,375.3688,375.3688,360.1701,372.8144,1284200,37210824.00,0.00531552,0.003422,12.7719
SH600880,2010-03-22,372.3035,375.1134,364.0017,372.6867,1276100,36995428.00,0.00528199,0.003400,12.7719
SH600880,2010-03-23,373.5807,373.5807,364.0017,364.6403,1456700,41804136.00,0.00602952,0.003882,12.7719
SH600880,2010-03-24,365.2789,394.6545,361.9582,387.8853,4153600,121497120.00,0.01719244,0.011068,12.7719
SH600880,2010-03-25,392.1001,392.1001,376.9014,382.5211,4172600,125475456.00,0.01727109,0.011118,12.7719
SH600880,2010-03-26,384.3092,386.9913,375.6242,381.6271,3016900,90187256.00,0.01248745,0.008039,12.7719
SH600880,2010-03-29,384.6923,389.2903,383.0320,387.6299,2823500,85302056.00,0.01168694,0.007524,12.7719
SH600880,2010-03-30,390.9506,397.4643,386.6081,386.9913,2678100,82054456.00,0.01108510,0.007136,12.7719
SH600880,2010-03-31,386.9913,393.3773,377.9232,388.3962,3031900,90634504.00,0.01254954,0.008079,12.7719
SH600880,2010-04-01,385.7141,391.9724,383.5429,388.3962,1701300,51733000.00,0.00704196,0.004533,12.7719
SH600880,2010-04-02,389.5457,390.1843,383.5429,384.6923,2510700,75714048.00,0.01039221,0.006690,12.7719
SH600880,2010-04-06,383.1597,386.8636,376.1351,379.0727,2438200,72463472.00,0.01009212,0.006497,12.7719
SH600880,2010-04-07,379.3281,379.3281,374.0916,377.5400,3486400,102817824.00,0.01443079,0.009290,12.7719
SH600880,2010-04-08,378.4341,397.9752,377.5400,395.1654,5701700,173650912.00,0.02360029,0.015193,12.7719
SH600880,2010-04-09,395.5485,410.1086,392.7387,406.5325,7203800,226224704.00,0.02981773,0.019195,12.7719
SH600880,2010-04-12,408.5760,430.0329,407.5542,419.6876,10317700,340037376.00,0.04270668,0.027493,12.7719
SH600880,2010-04-13,420.1985,423.2638,396.0594,413.8125,4323700,139502048.00,0.01789652,0.011521,12.7719
SH600880,2010-04-14,414.1957,419.3044,406.4047,417.0055,2580900,83826240.00,0.01068278,0.006877,12.7719
SH600880,2010-04-15,415.8560,418.9213,399.8910,406.6602,2384400,75938224.00,0.00986943,0.006354,12.7719
SH600880,2010-04-16,406.1493,412.0244,401.1682,407.2988,1761600,56355340.00,0.00729156,0.004694,12.7719
SH600880,2010-04-19,405.1275,411.2581,390.6952,392.7387,3808700,119291360.00,0.01576484,0.010149,12.7719
SH600880,2010-04-20,394.6545,431.9487,389.5457,426.2013,3536100,112809872.00,0.01463651,0.009422,12.7719
SH600880,2010-04-21,426.3290,436.5466,418.9213,425.9459,4239300,141950768.00,0.01754717,0.011296,12.7719
SH600880,2010-04-22,426.0736,438.7179,420.1985,421.2202,3102000,104686496.00,0.01283970,0.008266,12.7719
SH600880,2010-04-26,417.8995,421.4757,403.3395,410.4918,3053100,98508160.00,0.01263729,0.008135,12.7719
SH600880,2010-04-27,411.8967,425.6904,406.1493,416.4946,3595800,117232304.00,0.01488362,0.009581,12.7719
SH600880,2010-04-28,411.2581,424.6687,405.5107,419.9430,2374100,77786536.00,0.00982680,0.006326,12.7719
SH600880,2010-04-29,421.2202,421.4757,394.6545,402.7009,2105400,68315608.00,0.00871460,0.005610,12.7719
SH600880,2010-04-30,400.7851,407.1711,385.7141,400.4019,2352600,73018272.00,0.00973780,0.006269,12.7719
SH600880,2010-05-04,389.9289,406.6602,389.9289,402.1900,1301900,40897520.00,0.00538878,0.003469,12.7719
SH600880,2010-05-05,399.2524,402.1900,386.7359,396.5703,3628100,112228264.00,0.01501731,0.009668,12.7719
SH600880,2010-05-06,400.9128,409.7255,393.3773,396.9535,3121000,97972504.00,0.01291834,0.008316,12.7719
SH600880,2010-05-07,390.1514,426.7024,370.0278,414.9978,5506200,110260872.00,0.02279108,0.014672,20.5342
SH600880,2010-05-10,410.4803,410.4803,373.5186,393.4369,6874200,129335984.00,0.01778341,0.011448,20.5342
SH600880,2010-05-11,393.2315,404.3200,373.3133,379.8842,2900500,54660796.00,0.00750353,0.004830,20.5342
SH600880,2010-05-12,379.8842,386.0445,353.1897,367.7690,4102000,72694736.00,0.01061179,0.006831,20.5342
SH600880,2010-05-13,363.4568,383.3751,359.9660,373.7239,2385400,43353764.00,0.00617098,0.003973,20.5342
SH600880,2010-05-14,375.7774,385.0178,367.5637,381.3216,1710200,31734240.00,0.00442425,0.002848,20.5342
SH600880,2010-05-17,381.1163,381.7323,367.5637,373.1079,2053900,37077604.00,0.00531340,0.003421,20.5342
SH600880,2010-05-18,370.6438,382.3483,360.5820,369.6171,1762700,31652644.00,0.00456007,0.002936,20.5342
SH600880,2010-05-19,369.6171,375.1613,355.2431,367.5637,2106700,37590928.00,0.00524171,0.003421,20.5342
SH600880,2010-05-20,362.8408,371.6705,357.5019,361.6087,2070600,36954752.00,0.00515188,0.003362,20.5342
SH600880,2010-05-21,353.1897,366.5369,343.5385,362.4301,2097700,36156872.00,0.00521931,0.003406,20.5342
SH600880,2010-05-24,362.4301,379.0629,362.4301,377.2148,2751000,50244360.00,0.00684480,0.004467,20.5342
SH600880,2010-05-25,377.2148,386.2499,369.2064,380.5003,2137200,39561852.00,0.00531759,0.003470,20.5342
SH600880,2010-05-26,380.2949,385.8392,371.6705,379.8842,1284300,23652652.00,0.00319548,0.002086,20.5342
SH600880,2010-05-27,376.1881,393.8475,373.7239,388.9193,1963000,36660928.00,0.00488416,0.003188,20.5342
SH600880,2010-05-28,397.5437,417.4620,395.2849,399.1865,4904500,97133424.00,0.01220294,0.007964,20.5342
SH600880,2010-05-31,404.7307,404.7307,384.1964,385.2231,1603500,30679344.00,0.00398969,0.002604,20.5342
SH600880,2010-06-01,380.7056,391.1781,375.3667,381.7323,1275000,23832404.00,0.00317234,0.002070,20.5342
SH600880,2010-06-02,379.6789,386.0445,376.1881,383.9911,1322700,24554960.00,0.00329103,0.002148,20.5342
SH600880,2010-06-03,385.2231,394.6689,378.8575,383.7857,4928400,92923528.00,0.01226241,0.008003,20.5342
SH600880,2010-06-04,375.9827,389.9460,375.9827,382.5537,3229800,60274864.00,0.00803610,0.005245,20.5342
SH600880,2010-06-07,377.4201,389.1247,369.6171,387.6873,2985700,55343848.00,0.00742876,0.004848,20.5342
SH600880,2010-06-08,395.4903,400.4185,386.6605,392.6155,3266500,62383780.00,0.00812742,0.005304,20.5342
SH600880,2010-06-09,393.8475,396.3117,386.0445,391.5888,4165400,79142648.00,0.01036398,0.006764,20.5342
SH600880,2010-06-10,392.2048,406.5788,389.3300,402.4719,5440900,105575136.00,0.01353757,0.008835,20.5342
SH600880,2010-06-11,404.9361,406.5788,389.1247,397.5437,5049900,97300160.00,0.01256472,0.008200,20.5342
SH600880,2010-06-17,395.2849,400.8292,381.9377,386.4552,2320800,44501896.00,0.00577441,0.003769,20.5342
SH600880,2010-06-18,387.0712,387.0712,349.0828,376.3934,3282400,58499572.00,0.00816698,0.005330,20.5342
SH600880,2010-06-21,368.5904,381.5270,365.9209,377.6255,3546700,64170924.00,0.00882459,0.005759,20.5342
SH600880,2010-06-22,375.5720,379.2682,367.7690,371.2598,2447300,44202732.00,0.00608916,0.003974,20.5342
SH600880,2010-06-23,369.0011,373.7239,360.5820,368.1797,1546600,27609420.00,0.00384811,0.002511,20.5342
SH600880,2010-06-24,372.6972,379.8842,367.5637,371.6705,2576500,46779492.00,0.00641062,0.004184,20.5342
SH600880,2010-06-25,374.7507,374.7507,355.2431,358.7339,2336100,41176840.00,0.00581248,0.003793,20.5342
SH600880,2010-06-28,361.4034,361.4034,349.0828,350.7255,1587100,27307084.00,0.00394888,0.002577,20.5342
SH600880,2010-06-29,350.9309,352.7790,315.8173,334.7088,4995900,80920368.00,0.01243036,0.008113,20.5342
SH600880,2010-06-30,328.7539,349.0828,314.3799,345.5920,3728500,59638664.00,0.00927692,0.006055,20.5342
SH600880,2010-07-01,339.2263,344.5653,328.9592,329.9859,1871300,30334404.00,0.00465600,0.003039,20.5342
SH600880,2010-07-02,326.7004,338.6103,308.2196,335.7355,2588400,40599968.00,0.00644023,0.004203,20.5342
SH600880,2010-07-05,328.5485,332.2447,320.3348,320.7455,1164200,18379818.00,0.00289666,0.001890,20.5342
SH600880,2010-07-06,324.2363,327.1111,318.4867,323.6203,1507700,23731374.00,0.00375133,0.002448,20.5342
SH600880,2010-07-07,325.8791,333.6821,321.5669,332.8607,3110300,49545308.00,0.00773877,0.005051,20.5342
SH600880,2010-07-08,332.6554,334.7088,322.3882,326.9058,2398500,38521376.00,0.00596774,0.003895,20.5342
SH600880,2010-07-09,328.1378,342.5118,325.0577,337.1729,3501800,57265952.00,0.00871287,0.005686,20.5342
SH600880,2010-07-12,338.8157,344.9759,331.6287,344.5653,4551200,74395480.00,0.01132389,0.007390,20.5342
SH600880,2010-07-13,339.8424,345.7973,331.8340,340.8691,5567100,91803008.00,0.01385157,0.009040,20.5342
SH600880,2010-07-14,340.6637,346.8240,334.0928,340.8691,2658800,44117696.00,0.00661539,0.004317,20.5342
SH600880,2010-07-15,335.7355,341.8958,332.2447,335.7355,2760200,45213360.00,0.00686769,0.004482,20.5342
SH600880,2010-07-16,334.7088,335.9409,330.3966,333.6821,1314200,21323628.00,0.00326988,0.002134,20.5342
SH600880,2010-07-19,327.9325,336.9676,325.4684,335.1195,2608100,42319368.00,0.00648924,0.004235,20.5342
SH600880,2010-07-20,337.9943,346.0027,333.8874,345.5920,4980000,83102464.00,0.01239080,0.008087,20.5342
SH600880,2010-07-21,344.9759,354.8324,344.5653,344.7706,3842100,65303200.00,0.00955957,0.006239,20.5342
SH600880,2010-07-22,343.3332,353.1897,341.2798,350.9309,5291000,89622736.00,0.01316460,0.008592,20.5342
SH600880,2010-07-23,348.8775,357.7072,344.9759,350.7255,3530400,60430860.00,0.00878403,0.005733,20.5342
SH600880,2010-07-26,351.1362,363.4568,347.6454,360.7873,5144900,89298000.00,0.01280109,0.008355,20.5342
SH600880,2010-07-27,358.9393,358.9393,352.7790,356.8858,1759700,30499182.00,0.00437833,0.002857,20.5342
SH600880,2010-07-28,359.3499,374.9560,358.9393,367.3583,9283000,164963088.00,0.02309714,0.015074,20.5342
SH600880,2010-07-29,368.5904,374.5453,364.6889,373.1079,7371700,132597568.00,0.01834161,0.011971,20.5342
SH600880,2010-07-30,373.5186,376.3934,369.6171,374.7507,7492300,136252768.00,0.01864168,0.012166,20.5342
SH600880,2010-08-02,383.3751,390.1514,374.1346,377.0094,15281100,283521632.00,0.03802108,0.024814,20.5342
SH600880,2010-08-03,377.0094,383.3751,369.6171,369.8224,8168200,149821152.00,0.02032339,0.013264,20.5342
SH600880,2010-08-04,366.1263,371.0545,358.3232,367.5637,6172500,109544392.00,0.01535787,0.010023,20.5342
SH600880,2010-08-05,365.7156,379.0629,364.4835,371.6705,8975000,163103296.00,0.02233080,0.014574,20.5342
SH600880,2010-08-06,376.1881,377.8308,365.3049,376.5987,5558500,101056752.00,0.01383017,0.009026,20.5342
SH600880,2010-08-09,379.4735,391.1781,379.2682,390.9727,15947400,300725056.00,0.03967891,0.025896,20.5342
SH600880,2010-08-10,392.2048,396.3117,377.2148,377.6255,10113800,190580448.00,0.02516426,0.016423,20.5342
SH600880,2010-08-11,374.9560,379.8842,369.2064,375.3667,6139800,111405328.00,0.01527651,0.009970,20.5342
SH600880,2010-08-12,370.2331,377.4201,368.7957,368.7957,4946000,89598464.00,0.01230620,0.008032,20.5342
SH600880,2010-08-13,367.7690,374.3400,365.0995,374.3400,2915900,52629392.00,0.00725509,0.004735,20.5342
SH600880,2010-08-16,374.7507,385.6338,370.8491,384.8125,9842100,182831632.00,0.02448824,0.015982,20.5342
SH600880,2010-08-17,387.6873,399.5971,383.9911,392.2048,11528600,220869040.00,0.02868445,0.018721,20.5342
SH600880,2010-08-18,398.3651,398.3651,381.3216,387.0712,7719900,145248352.00,0.01920797,0.012536,20.5342
SH600880,2010-08-19,388.0979,388.0979,374.1346,379.8842,7874300,145656960.00,0.01959214,0.012787,20.5342
SH600880,2010-08-20,379.4735,379.4735,360.9927,365.3049,7622500,137069328.00,0.01896563,0.012378,20.5342
SH600880,2010-08-23,365.5102,373.5186,365.5102,369.0011,3387400,60867020.00,0.00842823,0.005501,20.5342
SH600880,2010-08-24,367.9743,374.3400,361.4034,372.0812,4378500,78619648.00,0.01089420,0.007110,20.5342
SH600880,2010-08-25,372.4919,375.7774,366.5369,372.0812,4732300,85598880.00,0.01177449,0.007685,20.5342
SH600880,2010-08-26,371.4652,373.5186,362.6354,372.9026,3599600,64660560.00,0.00895621,0.005845,20.5342
SH600880,2010-08-27,369.6171,374.7507,367.9743,372.0812,2932400,53154084.00,0.00729614,0.004762,20.5342
SH600880,2010-08-30,373.9293,386.6605,372.6972,383.7857,6131200,113814584.00,0.01525511,0.009956,20.5342
SH600880,2010-08-31,383.5804,383.5804,376.8041,380.2949,4109000,75927128.00,0.01022365,0.006672,20.5342
SH600880,2010-09-01,382.1430,390.5621,378.4468,385.4285,7878800,147894304.00,0.01960333,0.012794,20.5342
SH600880,2010-09-02,388.7140,398.9811,386.0445,395.0796,11734000,226275280.00,0.02919550,0.019054,20.5342
SH600880,2010-09-03,395.0796,408.0162,392.2048,405.7574,11285800,220134400.00,0.02808033,0.018326,20.5342
SH600880,2010-09-06,406.7841,417.0513,397.3384,398.1597,10696900,212519280.00,0.02661508,0.017370,20.5342
SH600880,2010-09-07,399.3918,400.2132,387.8926,393.8475,4746600,90864536.00,0.01181007,0.007708,20.5342
SH600880,2010-09-08,394.2582,399.1865,386.4552,398.5704,4645600,88814400.00,0.01155877,0.007544,20.5342
SH600880,2010-09-09,397.9544,401.4452,385.0178,387.6873,4898000,93439712.00,0.01218677,0.007954,20.5342
SH600880,2010-09-10,387.4819,393.8475,381.9377,391.5888,3700500,69818488.00,0.00920726,0.006009,20.5342
SH600880,2010-09-13,395.2849,403.4987,390.7674,400.4185,6925500,134015312.00,0.01723142,0.011246,20.5342
SH600880,2010-09-14,400.4185,409.6589,397.3384,402.2666,5995400,117631232.00,0.01491723,0.009736,20.5342
SH600880,2010-09-15,402.6773,424.6490,402.2666,414.5872,15650000,317547008.00,0.03893895,0.025413,20.5342
SH600880,2010-09-16,413.1498,417.8726,402.8826,406.1681,5081800,101124720.00,0.01264409,0.008252,20.5342
SH600880,2010-09-17,406.1681,413.7658,391.5888,411.9177,4831000,95135224.00,0.01202007,0.007845,20.5342
SH600880,2010-09-20,410.8910,423.0062,408.6322,415.6139,5562700,113393736.00,0.01384062,0.009033,20.5342
SH600880,2010-09-21,415.4085,418.4887,401.4452,410.2750,2790900,55417296.00,0.00694407,0.004532,20.5342
SH600880,2010-09-27,410.6857,412.7391,404.1147,411.9177,2281900,45360264.00,0.00567762,0.003705,20.5342
SH600880,2010-09-28,409.2483,412.3284,396.9277,397.3384,4940000,97191584.00,0.01229127,0.008022,20.5342
SH600880,2010-09-29,396.3117,402.0613,381.1163,384.1964,5302700,100785888.00,0.01319371,0.008611,20.5342
SH600880,2010-09-30,384.1964,395.9010,381.9377,391.5888,4157300,78844256.00,0.01034383,0.006751,20.5342
SH600880,2010-10-08,392.2048,399.3918,389.7407,392.4101,5757400,110482048.00,0.01432505,0.009349,20.5342
SH600880,2010-10-11,392.6155,398.3651,376.8041,381.1163,8153200,153448464.00,0.02028607,0.013240,20.5342
SH600880,2010-10-12,381.9377,392.2048,377.8308,381.9377,7393500,138027072.00,0.01839585,0.012006,20.5342
SH600880,2010-10-13,381.7323,391.5888,380.5003,391.3834,6854500,128480896.00,0.01705476,0.011131,20.5342
SH600880,2010-10-14,392.6155,393.8475,377.6255,377.8308,6565500,122379104.00,0.01633570,0.010661,20.5342
SH600880,2010-10-15,377.8308,384.6071,347.0294,359.3499,18020500,316637280.00,0.04483702,0.029263,20.5342
SH600880,2010-10-18,358.5286,358.5286,339.6370,350.7255,8218600,139179920.00,0.02044880,0.013346,20.5342
SH600880,2010-10-19,351.1362,370.6438,351.1362,369.0011,9087500,160413584.00,0.02261072,0.014757,20.5342
SH600880,2010-10-20,364.2782,377.6255,361.4034,368.5904,11417300,206789776.00,0.02840752,0.018540,20.5342
SH600880,2010-10-21,372.4919,374.9560,358.3232,364.4835,12540400,223130528.00,0.03120192,0.020364,20.5342
SH600880,2010-10-22,366.5369,375.3667,360.7873,366.1263,13572300,242730720.00,0.03376940,0.022039,20.5342
SH600880,2010-10-25,369.6171,384.6071,365.5102,383.9911,15988100,293826368.00,0.03978018,0.025962,20.5342
SH600880,2010-10-26,386.0445,387.8926,376.8041,382.3483,9687500,179908720.00,0.02410358,0.015731,20.5342
SH600880,2010-10-27,382.3483,382.9644,369.6171,371.4652,8780700,161014528.00,0.02184736,0.014259,20.5342
SH600880,2010-10-28,373.7239,375.7774,366.5369,369.2064,7495600,135101072.00,0.01864989,0.012172,20.5342
SH600880,2010-10-29,369.4117,387.0712,366.5369,380.2949,16214600,299499776.00,0.04034374,0.026330,20.5342
SH600880,2010-11-01,382.7590,395.9010,381.1163,395.2849,17721300,334153120.00,0.04409257,0.028777,20.5342
SH600880,2010-11-02,398.3651,417.8726,388.3033,412.7391,30997400,612115968.00,0.07712499,0.050335,20.5342
SH600880,2010-11-03,411.7124,423.0062,406.1681,406.7841,19368200,390815712.00,0.04819025,0.031451,20.5342
SH600880,2010-11-04,406.1681,416.6406,401.4452,414.9978,11451900,228255744.00,0.02849361,0.018596,20.5342
SH600880,2010-11-05,416.8459,432.2466,409.6589,428.1398,15189500,312210720.00,0.03779317,0.024665,20.5342
SH600880,2010-11-08,432.4520,460.9946,432.4520,450.5222,18523600,404764096.00,0.04608879,0.030080,20.5342
SH600880,2010-11-09,450.5222,452.9863,435.3268,447.8527,12317000,266430304.00,0.03064607,0.020001,20.5342
SH600880,2010-11-10,448.0580,451.3435,436.3535,450.1115,7726900,167204016.00,0.01922539,0.012547,20.5342
SH600880,2010-11-11,445.7993,457.5038,434.7108,436.3535,9140100,200273920.00,0.02274159,0.014842,20.5342
SH600880,2010-11-12,437.9962,449.2901,404.3200,406.3735,15520000,319444000.00,0.03861549,0.025202,20.5342
SH600880,2010-11-15,406.5788,421.9795,398.3651,421.5688,9229300,184857056.00,0.02296353,0.014987,20.5342
SH600880,2010-11-16,418.8994,421.9795,398.3651,408.4269,9890200,197867840.00,0.02460792,0.016060,20.5342
SH600880,2010-11-17,394.2582,408.2215,382.1430,386.0445,6073500,117169120.00,0.01511155,0.009862,20.5342
SH600880,2010-11-18,386.6605,396.3117,383.9911,389.9460,3524800,66740248.00,0.00877010,0.005724,20.5342
SH600880,2010-11-19,394.0529,413.7658,387.8926,412.9444,8422300,165358384.00,0.02095562,0.013677,20.5342
SH600880,2010-11-22,410.2750,432.2466,404.9361,422.1848,9224100,187976416.00,0.02295059,0.014979,20.5342
SH600880,2010-11-23,416.8459,418.6940,398.7758,405.7574,5116300,101411976.00,0.01272993,0.008308,20.5342
SH600880,2010-11-24,402.2666,422.5955,400.4185,419.9261,7761300,155510560.00,0.01931098,0.012603,20.5342
SH600880,2010-11-25,419.9261,429.1665,413.3551,419.5154,6172500,126434216.00,0.01535787,0.010023,20.5342
SH600880,2010-11-26,419.9261,421.1581,405.9628,408.6322,5490000,110025360.00,0.01365973,0.008915,20.5342
SH600880,2010-11-29,404.7307,412.7391,403.4987,409.4536,4269300,84921344.00,0.01062250,0.006933,20.5342
SH600880,2010-11-30,407.1948,410.6857,383.3751,389.7407,6224600,119467344.00,0.01548750,0.010108,20.5342
SH600880,2010-12-01,390.1514,391.7941,383.5804,386.0445,3928400,73923488.00,0.00977430,0.006379,20.5342
SH600880,2010-12-02,390.1514,394.0529,387.0712,387.2766,2848700,54091276.00,0.00708788,0.004626,20.5342
SH600880,2010-12-03,388.5086,392.8208,385.0178,392.2048,2227300,42224656.00,0.00554177,0.003617,20.5342
SH600880,2010-12-06,394.2582,394.8743,365.3049,372.6972,8181000,149604608.00,0.02035524,0.013285,20.5342
SH600880,2010-12-07,370.6438,381.7323,358.3232,375.3667,6008200,107635232.00,0.01494907,0.009756,20.5342
SH600880,2010-12-08,376.8041,378.8575,371.8759,373.9293,2759200,50485688.00,0.00686520,0.004481,20.5342
SH600880,2010-12-09,371.8759,373.9293,359.7606,360.7873,3986000,70751208.00,0.00991761,0.006473,20.5342
SH600880,2010-12-10,360.9927,375.5720,359.9660,365.5102,5923200,106007616.00,0.01473758,0.009618,20.5342
SH600880,2010-12-13,375.7774,401.4452,373.7239,394.0529,11590600,217363760.00,0.02883871,0.018821,20.5342
SH600880,2010-12-14,394.0529,402.4719,386.0445,390.9727,10630900,202957280.00,0.02645087,0.017263,20.5342
SH600880,2010-12-15,394.0529,399.5971,385.4285,394.6689,7408900,141818000.00,0.01843417,0.012031,20.5342
SH600880,2010-12-16,396.3117,406.5788,393.4369,398.1597,11150000,217861648.00,0.02774245,0.018106,20.5342
SH600880,2010-12-17,396.7223,406.3735,390.3567,405.5521,11086300,215948144.00,0.02758395,0.018003,20.5342
SH600880,2010-12-20,407.6055,414.7925,388.5086,400.4185,12901800,252499856.00,0.03210112,0.020951,20.5342
SH600880,2010-12-21,400.8292,407.6055,396.9277,406.5788,6960700,136505952.00,0.01731900,0.011303,20.5342
SH600880,2010-12-22,406.7841,406.7841,387.2766,391.5888,9584900,184197856.00,0.02384830,0.015564,20.5342
SH600880,2010-12-23,391.1781,394.0529,373.7239,380.7056,9717400,180504800.00,0.02417798,0.015780,20.5342
SH600880,2010-12-27,392.2048,404.5254,369.6171,382.1430,17125100,327408768.00,0.04260916,0.027809,20.5342
SH600880,2010-12-28,373.7239,382.7590,363.4568,379.4735,9428600,171962528.00,0.02345941,0.015311,20.5342
SH600880,2010-12-29,379.8842,398.3651,377.4201,395.0796,11086200,211694768.00,0.02758370,0.018002,20.5342
SH600880,2010-12-30,392.4101,404.1147,390.5621,395.9010,11974400,232606480.00,0.02979365,0.019445,20.5342
SH600880,2010-12-31,398.5704,405.7574,393.6422,402.0613,10123100,196777296.00,0.02518740,0.016438,20.5342
SH600880,2011-01-04,404.5254,405.7574,395.9010,403.2933,11099000,216788256.00,0.02761555,0.018023,20.5342
SH600880,2011-01-05,400.4185,423.0062,398.3651,418.8994,21000200,423712512.00,0.05225084,0.034101,20.5342
SH600880,2011-01-06,418.8994,429.1665,410.0696,414.9978,11708800,238596944.00,0.02913280,0.019013,20.5342
SH600880,2011-01-07,412.7391,417.6673,402.4719,405.5521,8176500,162552944.00,0.02034405,0.013277,20.5342
SH600880,2011-01-10,405.9628,417.8726,386.8659,391.7941,8125700,159332896.00,0.02021765,0.013195,20.5342
SH600880,2011-01-12,394.6689,400.4185,383.5804,394.0529,5386600,102518984.00,0.01340246,0.008747,20.5342
SH600880,2011-01-13,393.2315,394.6689,383.5804,387.4819,5788800,109179672.00,0.01440318,0.009400,20.5342
SH600880,2011-01-14,388.0979,391.9995,377.6255,378.6522,5210200,97198696.00,0.01296356,0.008461,20.5342
SH600880,2011-01-17,372.9026,377.2148,356.4751,359.9660,6694500,118455832.00,0.01665666,0.010871,20.5342
SH600880,2011-01-18,357.9125,363.8675,355.4484,362.6354,3776900,66197028.00,0.00939735,0.006133,20.5342
SH600880,2011-01-19,364.8942,381.5270,360.3767,377.0094,5912000,106877896.00,0.01470972,0.009600,20.5342
SH600880,2011-01-20,377.4201,380.7056,362.8408,363.2515,4520100,81991904.00,0.01124651,0.007340,20.5342
SH600880,2011-01-21,363.0461,371.4652,358.7339,361.1980,3637700,64293380.00,0.00905100,0.005907,20.5342
SH600880,2011-01-24,365.0995,365.0995,354.2164,359.7606,3939800,68914944.00,0.00980266,0.006398,20.5342
SH600880,2011-01-25,360.3767,361.8141,346.6187,349.2881,2507300,42761736.00,0.00623844,0.004071,20.5342
SH600880,2011-01-26,349.6988,352.9843,344.9759,349.0828,3133800,53124576.00,0.00779724,0.005089,20.5342
SH600880,2011-01-27,348.0561,354.0110,343.1279,351.5469,4941600,84256912.00,0.01229525,0.008024,20.5342
SH600880,2011-01-28,353.3950,356.8858,348.2614,349.6988,5984900,102468088.00,0.01489110,0.009719,20.5342
SH600880,2011-01-31,350.3149,356.6805,346.0027,355.6538,4623100,79048760.00,0.01150279,0.007507,20.5342
SH600880,2011-02-01,354.6271,356.2698,350.3149,354.4217,2362900,40671416.00,0.00587916,0.003837,20.5342
SH600880,2011-02-09,353.3950,363.0461,351.1362,359.5553,4845600,84527384.00,0.01205639,0.007869,20.5342
SH600880,2011-02-10,355.4484,367.3583,355.4484,366.5369,3424900,60402336.00,0.00852153,0.005562,20.5342
SH600880,2011-02-11,365.0995,369.8224,361.1980,366.9476,5374400,95519664.00,0.01337211,0.008727,20.5342
SH600880,2011-02-14,369.2064,380.9109,365.7156,380.5003,10886400,199274432.00,0.02708658,0.017678,20.5342
SH600880,2011-02-15,377.4201,383.9911,372.0812,375.5720,7770000,143316544.00,0.01933263,0.012617,20.5342
SH600880,2011-02-16,373.7239,382.5537,371.8759,379.2682,8162400,150181840.00,0.02030896,0.013255,20.5342
SH600880,2011-02-17,379.2682,386.0445,371.6705,379.2682,8055600,148140480.00,0.02004323,0.013081,20.5342
SH600880,2011-02-18,380.0896,380.0896,362.2247,367.5637,8975300,161499824.00,0.02233155,0.014575,20.5342
SH600880,2011-02-21,365.3049,373.3133,363.4568,371.6705,6769400,121342832.00,0.01684302,0.010993,20.5342
SH600880,2011-02-22,371.4652,371.6705,358.1179,362.2247,10230600,181143776.00,0.02545488,0.016613,20.5342
SH600880,2011-02-23,359.3499,371.2598,357.5019,369.0011,12389800,220309760.00,0.03082721,0.020119,20.5342
SH600880,2011-02-24,371.2598,386.4552,369.6171,384.6071,21397300,393917408.00,0.05323887,0.034746,20.5342
SH600880,2011-02-25,384.6071,384.8125,375.7774,382.1430,10994200,202912432.00,0.02735480,0.017853,20.5342
SH600880,2011-02-28,381.9377,385.8392,378.2415,383.9911,6852100,127453848.00,0.01704879,0.011127,20.5342
SH600880,2011-03-01,386.2499,394.8743,377.0094,381.1163,12167700,229400816.00,0.03027460,0.019759,20.5342
SH600880,2011-03-02,379.6789,379.6789,367.5637,370.0278,13093300,236762656.00,0.03257759,0.021262,20.5342
SH600880,2011-03-03,371.6705,375.3667,358.3232,360.9927,12325600,220131008.00,0.03066747,0.020015,20.5342
SH600880,2011-03-04,362.0194,368.7957,359.7606,367.5637,5351600,94650760.00,0.01331538,0.008690,20.5342
SH600880,2011-03-07,367.7690,369.8224,365.5102,369.4117,6484200,116111016.00,0.01613341,0.010529,20.5342
SH600880,2011-03-08,369.6171,370.2331,365.0995,366.9476,6219300,110983752.00,0.01547431,0.010099,20.5342
SH600880,2011-03-09,367.1530,369.6171,363.8675,368.3850,7199700,128681696.00,0.01791366,0.011691,20.5342
SH600880,2011-03-10,369.2064,372.2865,364.0728,370.0278,7902100,141835840.00,0.01966131,0.012832,20.5342
SH600880,2011-03-11,367.5637,369.6171,362.2247,362.8408,6005900,106848880.00,0.01494335,0.009753,20.5342
SH600880,2011-03-14,362.6354,365.5102,360.9927,363.8675,3724100,65797916.00,0.00926598,0.006047,20.5342
SH600880,2011-03-15,363.0461,363.0461,351.1362,359.1446,5717200,99339984.00,0.01422503,0.009284,20.5342
SH600880,2011-03-16,359.1446,362.2247,356.8858,358.5286,4066200,71129456.00,0.01011716,0.006603,20.5342
SH600880,2011-03-18,356.8858,363.4568,355.2431,361.1980,7136300,124915944.00,0.01775591,0.011588,20.5342
SH600880,2011-03-21,359.5553,361.8141,355.8591,358.3232,4408600,76830488.00,0.01096909,0.007159,20.5342
SH600880,2011-03-22,358.3232,359.9660,351.1362,354.2164,4211100,72482864.00,0.01047769,0.006838,20.5342
SH600880,2011-03-23,354.8324,363.8675,352.9843,362.8408,10356700,181460352.00,0.02576863,0.016818,20.5342
SH600880,2011-03-24,361.8141,373.1079,359.3499,369.0011,17978600,321504864.00,0.04473277,0.029195,20.5342
SH600880,2011-03-25,370.0278,371.0545,363.4568,366.9476,7653200,136608512.00,0.01904202,0.012428,20.5342
SH600880,2011-03-28,366.9476,366.9476,348.6721,355.4484,12014400,208377968.00,0.02989317,0.019510,20.5342
SH600880,2011-03-29,354.2164,356.0645,346.6187,347.4401,9148300,155447264.00,0.02276199,0.014855,20.5342
SH600880,2011-03-30,346.8240,349.6988,342.7172,344.1546,8321200,140211104.00,0.02070408,0.013512,20.5342
SH600880,2011-03-31,344.5653,346.6187,340.6637,345.1813,7853100,131062944.00,0.01953939,0.012752,20.5342
SH600880,2011-04-01,344.1546,347.8507,341.2798,345.3866,7688600,129014000.00,0.01913010,0.012485,20.5342
SH600880,2011-04-06,341.8958,346.0027,341.0744,343.3332,5023300,84114184.00,0.01249853,0.008157,20.5342
SH600880,2011-04-07,344.9759,345.3866,332.2447,337.1729,8559400,140351408.00,0.02129674,0.013899,20.5342
SH600880,2011-04-08,337.5836,345.3866,334.5035,343.5385,5153700,85583600.00,0.01282298,0.008369,20.5342
SH600880,2011-04-11,342.9225,344.5653,337.7889,338.1996,4396400,72764656.00,0.01093873,0.007139,20.5342
SH600880,2011-04-12,337.9943,340.8691,331.6287,335.1195,14324800,234395840.00,0.03564170,0.023261,20.5342
SH600880,2011-04-13,334.7088,339.4317,329.1645,339.0210,9785600,159600976.00,0.02434767,0.015890,20.5342
SH600880,2011-04-14,337.9943,341.4851,336.7622,339.0210,7447200,123078656.00,0.01852947,0.012093,20.5342
SH600880,2011-04-15,338.4050,342.1011,336.7622,340.6637,4027500,66684656.00,0.01002087,0.006540,20.5342
SH600880,2011-04-18,340.6637,342.3065,334.2981,341.2798,5532000,91215624.00,0.01376423,0.008983,20.5342
SH600880,2011-04-19,339.4317,341.2798,335.3248,337.1729,5451700,89722784.00,0.01356444,0.008853,20.5342
SH600880,2011-04-20,336.7622,343.9492,334.9141,343.7439,8773200,145566576.00,0.02182870,0.014246,20.5342
SH600880,2011-04-21,344.1546,344.5653,333.0661,335.9409,11812400,193574736.00,0.02939057,0.019182,20.5342
SH600880,2011-04-22,336.3515,337.7889,333.8874,335.9409,6415000,104733560.00,0.01596124,0.010417,20.5342
SH600880,2011-04-25,335.5302,336.5569,330.8073,332.4500,6309000,102524848.00,0.01569750,0.010245,20.5342
SH600880,2011-04-26,331.6287,336.5569,330.6019,334.9141,7200000,116692432.00,0.01791440,0.011692,20.5342
SH600880,2011-04-27,334.9141,335.1195,324.0310,324.2363,10110100,161872784.00,0.02515506,0.016417,20.5342
SH600880,2011-04-28,324.4417,327.3165,310.0677,311.0944,7502600,115900096.00,0.01866731,0.012183,20.5342
SH600880,2011-04-29,311.2997,314.1745,307.6035,308.6303,6288600,94706352.00,0.01564674,0.010212,20.5342
SH600880,2011-05-03,308.6303,315.6119,308.6303,314.5852,2613500,39742280.00,0.00650268,0.004244,20.5342
SH600880,2011-05-04,314.7905,314.7905,306.3715,309.4516,3750500,56512832.00,0.00933166,0.006090,20.5342
SH600880,2011-05-05,308.0142,309.6570,306.9875,308.2196,3034000,45544188.00,0.00754893,0.004927,20.5342
SH600880,2011-05-06,308.4249,311.9157,306.7822,307.3982,4587000,68920224.00,0.01141297,0.007449,20.5342
SH600880,2011-05-09,308.0142,310.4783,306.1661,309.6570,4794000,71996696.00,0.01192801,0.007785,20.5342
SH600880,2011-05-10,310.6837,310.6837,307.3982,310.0677,3041400,45762092.00,0.00756734,0.004939,20.5342
SH600880,2011-05-11,310.2730,310.6837,305.3448,306.1661,5672300,84806984.00,0.01411332,0.009211,20.5342
SH600880,2011-05-12,304.9341,304.9341,298.9791,299.1845,5073000,74278368.00,0.01233529,0.008115,20.5342
SH600880,2011-05-13,297.9524,302.6753,292.6135,302.4700,5396400,78092952.00,0.01312166,0.008632,20.5342
SH600880,2011-05-16,301.0326,304.5234,298.9791,301.6486,3192100,46941300.00,0.00776178,0.005106,20.5342
SH600880,2011-05-17,301.6486,304.9341,297.9524,303.9074,3428700,50605184.00,0.00833708,0.005484,20.5342
SH600880,2011-05-18,304.3181,307.6035,301.8539,306.5768,3160900,47082536.00,0.00768591,0.005056,20.5342
SH600880,2011-05-19,303.9074,308.8356,303.9074,304.7287,3643600,54419752.00,0.00885963,0.005828,20.5342
SH600880,2011-05-20,303.9074,311.5051,303.9074,309.8623,4043100,60928880.00,0.00983103,0.006467,20.5342
SH600880,2011-05-23,309.6570,309.8623,294.0509,294.8723,3306400,48717032.00,0.00803970,0.005289,20.5342
SH600880,2011-05-24,294.8723,299.3898,287.6853,293.8456,2501700,35404908.00,0.00608303,0.004002,20.5342
SH600880,2011-05-25,293.8456,298.5685,287.6853,289.5334,2909400,41484640.00,0.00707438,0.004654,20.5342
SH600880,2011-05-26,290.5601,291.9975,279.2662,282.1410,4066700,56164172.00,0.00988842,0.006505,20.5342
SH600880,2011-05-27,281.3197,281.7303,274.3380,275.3647,2530800,34203452.00,0.00615379,0.004048,20.5342
SH600880,2011-05-30,275.3647,283.3731,273.3113,278.4449,3050800,41454924.00,0.00741820,0.004880,20.5342
SH600880,2011-05-31,277.4181,286.6586,277.4181,286.0425,1834900,25289404.00,0.00446167,0.002935,20.5342
SH600880,2011-06-01,285.4265,290.1494,283.5784,287.8906,1823300,25568956.00,0.00443346,0.002917,20.5342
SH600880,2011-06-02,285.4265,287.0693,282.7571,284.8105,2154400,29885504.00,0.00523855,0.003446,20.5342
SH600880,2011-06-03,285.2212,290.1494,285.0158,287.2746,1785900,25068922.00,0.00434252,0.002857,20.5342
SH600880,2011-06-07,287.2746,295.4883,287.2746,294.4616,2538800,36283564.00,0.00617324,0.004061,20.5342
SH600880,2011-06-08,294.0509,297.7471,291.1761,296.3097,2354700,33757408.00,0.00572559,0.003767,20.5342
SH600880,2011-06-09,296.9257,297.9524,283.7838,284.1945,2746400,38798808.00,0.00667803,0.004393,20.5342
SH600880,2011-06-10,285.0158,286.6586,278.0342,280.4983,1422100,19443716.00,0.00345792,0.002275,20.5342
SH600880,2011-06-13,280.9090,283.9891,274.1327,283.5784,1908400,25914000.00,0.00464039,0.003053,20.5342
SH600880,2011-06-14,279.8823,285.2212,279.8823,283.7838,1345500,18592012.00,0.00327166,0.002152,20.5342
SH600880,2011-06-15,283.3731,283.7838,276.1861,276.3914,2003500,27263920.00,0.00487163,0.003205,20.5342
SH600880,2011-06-16,275.1594,278.2395,274.1327,274.9540,1894500,25433980.00,0.00460659,0.003030,20.5342
SH600880,2011-06-17,277.2128,277.2128,269.2044,270.0258,2396900,31789574.00,0.00582820,0.003834,20.5342
SH600880,2011-06-20,269.6151,271.0525,258.3213,261.1961,3188000,40607680.00,0.00775181,0.005099,20.5342
SH600880,2011-06-21,260.9907,266.9457,258.3213,264.8922,2847300,36435320.00,0.00692338,0.004554,20.5342
SH600880,2011-06-22,265.7136,266.7403,259.7587,261.4014,1889900,24127868.00,0.00459540,0.003023,20.5342
SH600880,2011-06-23,259.3480,269.2044,256.8839,268.3831,3362000,43433388.00,0.00817490,0.005378,20.5342
SH600880,2011-06-24,266.7403,281.7303,266.5350,276.1861,4739900,63877248.00,0.01152534,0.007582,20.5342
SH600880,2011-06-27,276.1861,280.4983,274.3380,275.9807,3182100,42781148.00,0.00773746,0.005090,20.5342
SH600880,2011-06-28,278.0342,279.2662,271.8739,275.1594,2019100,27032504.00,0.00490956,0.003230,20.5342
SH600880,2011-06-29,276.5968,280.7036,276.5968,279.0609,4359300,59250448.00,0.01059989,0.006973,20.5342
SH600880,2011-06-30,279.0609,290.9708,277.6235,288.3013,5511300,76859344.00,0.01340105,0.008816,20.5342
SH600880,2011-07-01,291.3815,297.3364,289.3280,292.4082,6288200,90270112.00,0.01529012,0.010058,20.5342
SH600880,2011-07-04,292.8189,295.2830,289.9441,295.0776,6631900,94618984.00,0.01612585,0.010608,20.5342
SH600880,2011-07-05,295.2830,300.4165,291.5868,297.9524,7253800,105197176.00,0.01763804,0.011603,20.5342
SH600880,2011-07-06,295.6937,298.7738,293.6402,296.7204,2968900,42760448.00,0.00721905,0.004749,20.5342
SH600880,2011-07-07,296.3097,298.7738,293.2295,293.8456,3703600,53350448.00,0.00900552,0.005924,20.5342
SH600880,2011-07-08,293.6402,293.8456,289.9441,291.5868,2676400,38033560.00,0.00650782,0.004281,20.5342
SH600880,2011-07-11,291.7921,296.7204,290.5601,296.1043,2703300,38719064.00,0.00657323,0.004324,20.5342
SH600880,2011-07-12,294.6669,294.6669,290.7654,291.7921,2497000,35486724.00,0.00607160,0.003994,20.5342
SH600880,2011-07-13,289.9441,294.6669,289.3280,292.4082,2840600,40466328.00,0.00690708,0.004544,20.5342
SH600880,2011-07-14,293.6402,300.8272,292.4082,300.0059,7780600,112426880.00,0.01891898,0.012446,20.5342
SH600880,2011-07-15,300.4165,308.0142,298.9791,305.1394,9001100,133383216.00,0.02188670,0.014398,20.5342
SH600880,2011-07-18,305.1394,308.2196,302.2646,305.3448,3561500,53026580.00,0.00865999,0.005697,20.5342
SH600880,2011-07-19,308.6303,310.0677,295.6937,298.1578,8306600,122266064.00,0.02019798,0.013287,20.5342
SH600880,2011-07-20,300.8272,309.0409,300.8272,305.9608,7281400,108430776.00,0.01770515,0.011647,20.5342
SH600880,2011-07-21,306.1661,308.0142,300.8272,301.0326,2649600,39081280.00,0.00644266,0.004238,20.5342
SH600880,2011-07-22,302.0593,311.7104,302.0593,306.5768,4704600,70471560.00,0.01143951,0.007525,20.5342
SH600880,2011-07-25,305.9608,306.1661,292.6135,297.3364,4460300,64654212.00,0.01084548,0.007135,20.5342
SH600880,2011-07-26,293.6402,297.5417,291.9975,295.8990,3304600,47370088.00,0.00803533,0.005286,20.5342
SH600880,2011-07-27,293.8456,303.7020,293.0242,301.8539,2788200,40691496.00,0.00677967,0.004460,20.5342
SH600880,2011-07-28,298.7738,298.7738,295.4883,297.5417,1981100,28666972.00,0.00481716,0.003169,20.5342
SH600880,2011-07-29,298.5685,299.1845,293.8456,294.0509,2182800,31550722.00,0.00530760,0.003492,20.5342
SH600880,2011-08-01,293.6402,297.5417,290.5601,292.6135,3108300,44485552.00,0.00755801,0.004972,20.5342
SH600880,2011-08-02,292.6135,292.6135,282.9624,287.2746,2592200,36091448.00,0.00630308,0.004146,20.5342
SH600880,2011-08-03,281.3197,287.8906,280.4983,285.6319,1992800,27723762.00,0.00484561,0.003188,20.5342
SH600880,2011-08-04,286.0425,291.1761,285.8372,287.4799,1801900,25278096.00,0.00438142,0.002882,20.5342
SH600880,2011-08-05,277.2128,284.1945,273.3113,283.3731,2378200,32415168.00,0.00578273,0.003804,20.5342
SH600880,2011-08-08,277.0075,278.2395,259.1426,262.8388,4757500,62012448.00,0.01156814,0.007610,20.5342
SH600880,2011-08-09,255.0358,266.1243,251.7503,265.0976,3182900,40125344.00,0.00773941,0.005091,20.5342
SH600880,2011-08-10,266.9457,270.6418,263.8655,264.4815,3182600,41419024.00,0.00773868,0.005091,20.5342
SH600880,2011-08-11,259.9640,270.0258,252.7770,267.5617,4738300,61211736.00,0.01152145,0.007579,20.5342
SH600880,2011-08-12,270.8472,275.1594,268.5884,273.3113,3263900,43415976.00,0.00793636,0.005221,20.5342
SH600880,2011-08-15,275.9807,285.2212,273.5166,284.8105,3373900,46069176.00,0.00820383,0.005397,20.5342
SH600880,2011-08-16,285.4265,286.4532,281.7303,284.8105,3250000,45012548.00,0.00790256,0.005199,20.5342
SH600880,2011-08-17,283.3731,285.4265,279.8823,283.7838,2170800,29887902.00,0.00527843,0.003472,20.5342
SH600880,2011-08-18,284.3998,285.0158,277.6235,278.2395,2617800,35984432.00,0.00636533,0.004187,20.5342
SH600880,2011-08-19,272.0792,281.9357,270.0258,277.2128,4207200,56903124.00,0.01023005,0.006730,20.5342
SH600880,2011-08-22,277.2128,282.1410,275.1594,278.0342,1275700,17355156.00,0.00310194,0.002041,20.5342
SH600880,2011-08-23,278.8555,282.9624,278.0342,281.1143,1159200,15818072.00,0.00281866,0.001854,20.5342
SH600880,2011-08-24,282.3464,284.3998,278.6502,280.2929,2200300,30149714.00,0.00535016,0.003520,20.5342
SH600880,2011-08-25,280.7036,285.0158,277.2128,284.8105,2231900,30596936.00,0.00542699,0.003570,20.5342
SH600880,2011-08-26,284.8105,286.2479,280.9090,283.7838,2504500,34663800.00,0.00608984,0.004006,20.5342
SH600880,2011-08-29,282.7571,292.8189,280.2929,289.7387,3656500,51422268.00,0.00889099,0.005849,20.5342
SH600880,2011-08-30,290.5601,292.2028,285.4265,286.2479,3169500,44451576.00,0.00770682,0.005070,20.5342
SH600880,2011-08-31,284.6051,287.8906,279.8823,280.9090,2959200,40718444.00,0.00719547,0.004733,20.5342
SH600880,2011-09-01,283.1677,283.1677,275.9807,276.8021,1652400,22441548.00,0.00401791,0.002643,20.5342
SH600880,2011-09-02,276.8021,277.0075,270.6418,271.4632,1462300,19419264.00,0.00355567,0.002339,20.5342
SH600880,2011-09-05,268.9991,268.9991,265.0976,266.3296,1609200,20892834.00,0.00391286,0.002574,20.5342
SH600880,2011-09-06,263.8655,265.9189,260.7854,263.6602,1451200,18582206.00,0.00352868,0.002321,20.5342
SH600880,2011-09-07,264.8922,268.7937,262.8388,267.5617,1736200,22497676.00,0.00422167,0.002777,20.5342
SH600880,2011-09-09,266.9457,266.9457,252.7770,264.0709,1098500,14108532.00,0.00267107,0.001757,20.5342
SH600880,2011-09-13,261.8121,261.8121,256.6785,259.3480,1626300,20491104.00,0.00395444,0.002601,20.5342
SH600880,2011-09-14,262.8388,265.0976,257.2945,264.6869,1023500,12987957.00,0.00248870,0.001637,20.5342
SH600880,2011-09-15,265.5083,268.1777,262.8388,264.0709,1031700,13379836.00,0.00250864,0.001650,20.5342
SH600880,2011-09-16,265.9189,268.9991,264.2762,264.4815,803000,10420616.00,0.00195254,0.001284,20.5342
SH600880,2011-09-19,264.4815,266.9457,260.9907,264.4815,1193600,15397872.00,0.00290231,0.001909,20.5342
SH600880,2011-09-20,264.4815,269.8205,262.4281,267.7670,1972500,25604026.00,0.00479625,0.003155,20.5342
SH600880,2011-09-21,268.1777,275.1594,268.1777,273.3113,2420700,32142216.00,0.00588607,0.003872,20.5342
SH600880,2011-09-22,273.5166,273.5166,264.8922,264.8922,1700100,22263252.00,0.00413389,0.002719,20.5342
SH600880,2011-09-23,261.8121,268.5884,260.7854,264.4815,1903500,24563902.00,0.00462847,0.003045,20.5342
SH600880,2011-09-26,263.2495,267.7670,259.5533,262.4281,1869300,24002284.00,0.00454531,0.002990,20.5342
SH600880,2011-09-27,262.2228,268.9991,260.7854,264.6869,3162000,40785732.00,0.00768859,0.005058,20.5342
SH600880,2011-09-28,266.9457,267.3563,257.0892,258.5266,1645000,20903944.00,0.00399991,0.002631,20.5342
SH600880,2011-09-29,256.6785,257.7052,248.0541,251.1343,3254500,40029976.00,0.00791351,0.005206,20.5342
SH600880,2011-09-30,246.8221,252.3663,242.3045,250.3129,1745800,20955516.00,0.00424501,0.002793,20.5342
SH600880,2011-10-10,251.5449,256.4732,248.4648,249.9022,1624100,19973068.00,0.00394909,0.002598,20.5342
SH600880,2011-10-11,255.8571,258.7319,248.2595,250.3129,1289600,15836508.00,0.00313574,0.002063,20.5342
SH600880,2011-10-12,250.3129,261.1961,244.7686,260.5800,3353300,41928640.00,0.00815374,0.005364,20.5342
SH600880,2011-10-13,261.4014,274.1327,260.7854,267.7670,5479600,71502376.00,0.01332397,0.008765,20.5342
SH600880,2011-10-14,266.5350,271.4632,262.8388,266.5350,3258400,42311796.00,0.00792299,0.005212,20.5342
SH600880,2011-10-17,270.2311,273.1059,259.7587,263.4548,4401400,56999384.00,0.01070226,0.007040,20.5342
SH600880,2011-10-18,259.7587,263.6602,255.4465,258.9373,2999100,37901592.00,0.00729249,0.004797,20.5342
SH600880,2011-10-19,260.7854,270.6418,257.9106,258.3213,6345300,81662928.00,0.01542897,0.010150,20.5342
SH600880,2011-10-20,256.2678,256.2678,246.0007,246.4114,5516700,66758968.00,0.01341418,0.008824,20.5342
SH600880,2011-10-21,246.4114,248.2595,240.2511,240.8671,3637300,42964248.00,0.00884431,0.005818,20.5342
SH600880,2011-10-24,240.4564,263.2495,232.0374,254.2144,11075700,133579384.00,0.02693121,0.017716,20.5342
SH600880,2011-10-25,254.0091,269.6151,252.7770,263.6602,25038500,319901088.00,0.06088257,0.040051,20.5342
SH600880,2011-10-26,263.6602,287.2746,260.9907,275.9807,37242400,499823424.00,0.09055706,0.059572,20.5342
SH600880,2011-10-27,276.1861,283.1677,272.6953,276.3914,18744300,253104336.00,0.04557785,0.029983,20.5342
SH600880,2011-10-28,279.2662,293.2295,276.5968,286.8639,31412200,436690112.00,0.07638059,0.050246,20.5342
SH600880,2011-10-31,284.1945,299.8005,284.1945,296.7204,33176200,473517056.00,0.08066986,0.053068,20.5342
SH600880,2011-11-01,291.5868,303.9074,290.3547,291.1761,24308200,351109472.00,0.05910680,0.038883,20.5342
SH600880,2011-11-02,285.4265,320.3348,284.3998,320.3348,37518600,552381952.00,0.09122866,0.060014,20.5342
SH600880,2011-11-03,319.7188,321.1562,308.4249,309.8623,28175200,431367904.00,0.06850964,0.045068,20.5342
SH600880,2011-11-04,310.6837,318.8974,300.8272,306.1661,18843600,283300800.00,0.04581931,0.030142,20.5342
SH600880,2011-11-07,302.8807,309.8623,300.2112,307.6035,12468400,185712064.00,0.03031764,0.019944,20.5342
SH600880,2011-11-08,307.8089,312.7371,300.0059,302.8807,14081800,210642224.00,0.03424071,0.022525,20.5342
SH600880,2011-11-09,303.4967,317.6653,296.9257,316.4333,29830200,449014080.00,0.07253386,0.047716,20.5342
SH600880,2011-11-10,309.8623,311.9157,296.3097,297.3364,23160300,343998496.00,0.05631561,0.037047,20.5342
SH600880,2011-11-11,297.5417,308.8356,294.0509,297.5417,18062700,265394384.00,0.04392050,0.028893,20.5342
SH600880,2011-11-14,301.4433,311.7104,296.7204,306.7822,14192100,210350160.00,0.03427454,0.022600,20.5342
SH600880,2011-11-15,307.1929,319.3081,303.4967,316.0226,23819800,361846944.00,0.05752585,0.037931,20.5342
SH600880,2011-11-16,316.6386,316.6386,297.5417,303.0860,19471800,289535296.00,0.04702524,0.031007,20.5342
SH600880,2011-11-17,302.2646,304.5234,295.6937,297.9524,10738800,157168400.00,0.02593467,0.017101,20.5342
SH600880,2011-11-18,297.1311,299.8005,285.4265,287.6853,14032900,199350224.00,0.03389006,0.022346,20.5342
SH600880,2011-11-21,288.0960,291.1761,284.6051,290.5601,7648900,107366184.00,0.01847243,0.012180,20.5342
SH600880,2011-11-22,287.4799,294.4616,284.3998,290.1494,10476700,147627392.00,0.02530169,0.016683,20.5342
SH600880,2011-11-23,290.3547,297.9524,288.3013,291.9975,12357000,176113616.00,0.02984269,0.019677,20.5342
SH600880,2011-11-24,287.6853,298.1578,287.6853,293.0242,9310400,133371208.00,0.02248502,0.014826,20.5342
SH600880,2011-11-25,293.6402,301.0326,291.5868,294.6669,8587800,124132584.00,0.02073991,0.013675,20.5342
SH600880,2011-11-28,296.1043,297.9524,286.4532,292.4082,8189300,116381928.00,0.01977752,0.013041,20.5342
SH600880,2011-11-29,291.9975,295.2830,285.4265,288.7120,11001000,154884160.00,0.02656789,0.017518,20.5342
SH600880,2011-11-30,287.8906,288.3013,267.3563,269.6151,9209900,124231896.00,0.02224231,0.014666,20.5342
SH600880,2011-12-01,279.2662,283.9891,275.1594,276.3914,7717400,104765952.00,0.01863786,0.012289,20.5342
SH600880,2011-12-02,273.1059,282.3464,271.0525,275.1594,4452400,59913064.00,0.01075274,0.007090,20.5342
SH600880,2011-12-05,273.1059,279.2662,271.4632,273.1059,3821000,51274384.00,0.00922788,0.006085,20.5342
SH600880,2011-12-06,272.0792,282.3464,264.8922,280.2929,6759500,90672176.00,0.01632449,0.010764,20.5342
SH600880,2011-12-07,278.4449,283.9891,276.5968,278.4449,3872900,52832864.00,0.00935322,0.006167,20.5342
SH600880,2011-12-08,277.2128,292.4082,274.7487,286.2479,9440200,131230088.00,0.02279849,0.015033,20.5342
SH600880,2011-12-09,281.3197,286.2479,273.1059,276.1861,6971200,94746400.00,0.01683575,0.011101,20.5342
SH600880,2011-12-12,275.3647,280.4983,270.2311,270.4365,2967400,39874624.00,0.00716640,0.004725,20.5342
SH600880,2011-12-13,267.7670,275.1594,253.1877,264.2762,10811700,138071456.00,0.02611073,0.017217,20.5342
SH600880,2011-12-14,260.1693,263.6602,251.5449,258.3213,6511800,81808656.00,0.01572628,0.010369,20.5342
SH600880,2011-12-15,254.2144,258.5266,249.0808,253.5984,5379900,66636300.00,0.01299269,0.008567,20.5342
SH600880,2011-12-16,251.7503,260.3747,249.4915,258.7319,8552400,105831704.00,0.02065442,0.013619,20.5342
SH600880,2011-12-19,254.6251,268.9991,250.1075,264.8922,9001200,113918656.00,0.02173829,0.014334,20.5342
SH600880,2011-12-20,261.1961,266.1243,253.8037,254.0091,6729500,85258840.00,0.01625204,0.010716,20.5342
SH600880,2011-12-21,255.6518,259.7587,248.6701,249.0808,4594000,57099044.00,0.01109471,0.007316,20.5342
SH600880,2011-12-22,246.4114,246.4114,226.9038,240.6618,8302700,95502600.00,0.02005138,0.013221,20.5342
SH600880,2011-12-23,236.7603,245.7953,234.2961,238.4030,3866900,45117184.00,0.00933873,0.006158,20.5342
SH600880,2011-12-26,235.9389,241.2778,235.9389,238.6083,3046600,35524920.00,0.00735767,0.004851,20.5342
SH600880,2011-12-27,238.1977,241.8938,230.3946,235.5282,4159100,47626556.00,0.01004441,0.006623,20.5342
SH600880,2011-12-28,231.6267,234.5015,217.6634,230.8053,6808400,75212936.00,0.01644258,0.010842,20.5342
SH600880,2011-12-29,226.9038,241.2778,226.2878,240.4564,6828300,78253384.00,0.01649064,0.010873,20.5342
SH600880,2011-12-30,239.4297,261.4014,238.1977,254.6251,5884000,71258456.00,0.01421012,0.009370,20.5342
SH600880,2012-01-04,252.1610,254.6251,237.3763,237.9923,7483800,89893832.00,0.01807370,0.011917,20.5342
SH600880,2012-01-05,234.2961,235.7335,227.1091,230.3946,4885200,55026032.00,0.01179797,0.007779,20.5342
SH600880,2012-01-06,229.9839,233.6801,224.8504,231.0107,2355000,26202604.00,0.00568743,0.003750,20.5342
SH600880,2012-01-09,231.2160,241.8938,227.5198,240.0457,4421600,50945424.00,0.01067836,0.007041,20.5342
SH600880,2012-01-10,238.1977,250.3129,237.7870,249.9022,4890500,58437664.00,0.01181077,0.007788,20.5342
SH600880,2012-01-11,250.5182,256.2678,247.2327,250.3129,6074200,74276624.00,0.01466946,0.009673,20.5342
SH600880,2012-01-12,248.2595,250.5182,241.8938,245.1793,4184700,50054836.00,0.01010623,0.006664,20.5342
SH600880,2012-01-13,244.3579,245.1793,229.5733,229.7786,4675700,53633700.00,0.01129202,0.007446,20.5342
SH600880,2012-01-16,226.2878,227.1091,215.1993,218.6901,6123400,65900344.00,0.01478828,0.009751,20.5342
SH600880,2012-01-17,217.6634,225.8771,205.1375,225.4664,18550900,193990256.00,0.04480123,0.029541,20.5342
SH600880,2012-01-18,223.8237,223.8237,208.6283,209.2443,11533500,121638520.00,0.02785390,0.018366,20.5342
SH600880,2012-01-19,206.7802,211.7084,199.5932,208.8336,7919000,79489088.00,0.01912473,0.012610,20.5342
SH600880,2012-01-20,207.3962,215.4046,205.5481,212.7351,4735300,49058384.00,0.01143596,0.007541,20.5342
SH600880,2012-01-30,213.1458,214.7886,211.2977,212.3245,3127200,32430894.00,0.00755232,0.004980,20.5342
SH600880,2012-01-31,210.6817,218.4847,206.5749,217.6634,4806500,49958736.00,0.01160791,0.007654,20.5342
SH600880,2012-02-01,215.6099,218.0741,213.1458,213.3512,3545200,37215488.00,0.00856181,0.005645,20.5342
SH600880,2012-02-02,213.3512,226.6985,213.3512,224.2343,8314000,89586008.00,0.02007867,0.013239,20.5342
SH600880,2012-02-03,223.8237,228.5465,222.1809,225.0557,8136900,89726480.00,0.01965097,0.012957,20.5342
SH600880,2012-02-06,225.2611,229.5733,223.4130,228.9572,7142000,78788264.00,0.01724824,0.011373,20.5342
SH600880,2012-02-07,226.2878,228.3412,223.2076,227.9305,9043100,99463160.00,0.02183948,0.014400,20.5342
SH600880,2012-02-08,227.3145,232.8587,224.8504,230.3946,11083200,124178096.00,0.02676641,0.017649,20.5342
SH600880,2012-02-09,237.3763,241.4831,233.6801,236.1442,13839400,159593328.00,0.03342275,0.022038,20.5342
SH600880,2012-02-10,233.4748,239.0190,232.4481,234.5015,9048800,103835824.00,0.02185325,0.014409,20.5342
SH600880,2012-02-13,232.8587,243.3312,231.0107,240.2511,8079000,93697552.00,0.01951114,0.012865,20.5342
SH600880,2012-02-14,239.2244,240.6618,235.1175,237.9923,5171800,59797976.00,0.01249012,0.008236,20.5342
SH600880,2012-02-15,236.1442,246.0007,234.5015,241.4831,8152300,95677400.00,0.01968816,0.012982,20.5342
SH600880,2012-02-16,242.3045,249.2862,238.8137,241.2778,10478300,125052000.00,0.02530555,0.016686,20.5342
SH600880,2012-02-17,241.2778,242.5099,235.5282,237.9923,4322900,50214360.00,0.01043999,0.006884,20.5342
SH600880,2012-02-20,241.2778,246.8221,239.8404,241.4831,7176700,85055816.00,0.01733204,0.011428,20.5342
SH600880,2012-02-21,241.4831,250.5182,239.6351,250.3129,15431100,185255712.00,0.03726678,0.024573,20.5342
SH600880,2012-02-22,249.9022,275.3647,247.4381,273.3113,46665800,606131584.00,0.11269994,0.074311,20.5342
SH600880,2012-02-23,268.7937,271.8739,264.4815,268.7937,21112900,275287392.00,0.05098857,0.033620,20.5342
SH600880,2012-02-24,268.7937,276.8021,266.9457,272.2846,18711600,247175536.00,0.04518933,0.029796,20.5342
SH600880,2012-02-27,270.2311,276.5968,267.5617,269.6151,13130700,173814816.00,0.03171121,0.020909,20.5342
SH600880,2012-02-28,269.2044,273.7220,265.7136,271.0525,11604300,152308128.00,0.02802489,0.018479,20.5342
SH600880,2012-02-29,272.6953,274.5433,260.9907,265.3029,12324200,160562784.00,0.02976348,0.019625,20.5342
SH600880,2012-03-01,262.4281,265.0976,259.7587,261.8121,8708200,111206280.00,0.02103068,0.013867,20.5342
SH600880,2012-03-02,262.6335,268.9991,259.3480,268.5884,16251400,207972064.00,0.03924784,0.025879,20.5342
SH600880,2012-03-05,267.5617,268.1777,259.5533,263.0441,28951300,369952512.00,0.06991865,0.046102,20.5342
SH600880,2012-03-06,261.1961,261.6067,255.6518,256.8839,15411200,194127728.00,0.03721872,0.024541,20.5342
SH600880,2012-03-07,254.2144,257.2945,251.7503,254.0091,11676000,144819104.00,0.02819805,0.018593,20.5342
SH600880,2012-03-08,256.2678,265.3029,255.0358,262.2228,15662800,199145072.00,0.03782634,0.024942,20.5342
SH600880,2012-03-09,264.4815,267.5617,260.3747,264.0709,13958200,179536912.00,0.03370966,0.022227,20.5342
SH600880,2012-03-12,265.3029,270.6418,263.2495,266.3296,11087300,144083168.00,0.02677631,0.017656,20.5342
SH600880,2012-03-13,265.9189,268.1777,262.8388,267.3563,7957600,102878064.00,0.01921795,0.012672,20.5342
SH600880,2012-03-14,268.5884,269.8205,242.3045,246.8221,15754300,198358144.00,0.03804732,0.025087,20.5342
SH600880,2012-03-15,247.8488,249.9022,242.5099,246.8221,12951600,155648192.00,0.03127868,0.020624,20.5342
SH600880,2012-03-16,247.6434,257.4999,244.1526,256.2678,10773700,131868288.00,0.02601895,0.017156,20.5342
SH600880,2012-03-19,254.4197,259.3480,254.0091,256.8839,7018400,87710656.00,0.01694974,0.011176,20.5342
SH600880,2012-03-20,256.2678,258.3213,248.6701,249.6969,6709600,82576480.00,0.01620398,0.010684,20.5342
SH600880,2012-03-21,251.3396,255.8571,248.8755,254.2144,6815200,83808744.00,0.01645900,0.010853,20.5342
SH600880,2012-03-22,253.1877,254.2144,247.4381,250.9289,4858200,59234104.00,0.01173276,0.007736,20.5342
SH600880,2012-03-23,249.6969,253.8037,246.0007,249.0808,5456800,66345080.00,0.01317841,0.008689,20.5342
SH600880,2012-03-26,247.6434,249.0808,241.8938,243.9473,5689400,67826776.00,0.01374015,0.009060,20.5342
SH600880,2012-03-27,245.5900,246.4114,242.0992,242.3045,3736100,44436592.00,0.00902284,0.005949,20.5342
SH600880,2012-03-28,241.6885,241.6885,225.2611,225.6717,12279100,137863520.00,0.02965456,0.019553,20.5342
SH600880,2012-03-30,221.7702,223.4130,214.5832,221.1542,9445600,101051680.00,0.02281154,0.015041,20.5342
SH600880,2012-04-05,221.1542,233.4748,219.7168,231.0107,6486600,72113736.00,0.01566542,0.010329,20.5342
SH600880,2012-04-06,229.9839,232.6534,228.5465,231.8320,2914700,32798896.00,0.00703913,0.004641,20.5342
SH600880,2012-04-09,231.6267,231.6267,224.8504,225.0557,3011500,33416798.00,0.00727290,0.004796,20.5342
SH600880,2012-04-10,225.0557,231.2160,221.1542,231.0107,3685400,40647448.00,0.00890040,0.005869,20.5342
SH600880,2012-04-11,226.4931,232.0374,225.8771,231.2160,4543200,50755688.00,0.01097203,0.007235,20.5342
SH600880,2012-04-12,231.6267,238.1977,229.7786,236.9656,6475500,73866984.00,0.01563861,0.010312,20.5342
SH600880,2012-04-13,237.3763,238.8137,233.0641,235.5282,9386300,107860072.00,0.02266832,0.014947,20.5342
SH600880,2012-04-16,233.2694,245.7953,232.0374,244.3579,10493200,121788200.00,0.02534153,0.016709,20.5342
SH600880,2012-04-17,246.4114,246.4114,237.7870,240.2511,8576600,100843696.00,0.02071286,0.013657,20.5342
SH600880,2012-04-18,240.2511,245.1793,240.2511,243.7419,6200200,73391464.00,0.01497375,0.009873,20.5342
SH600880,2012-04-19,243.9473,245.7953,241.4831,243.9473,4820400,57261000.00,0.01164148,0.007676,20.5342
SH600880,2012-04-20,244.3579,248.2595,243.3312,246.4114,6721600,80524736.00,0.01623296,0.010704,20.5342
SH600880,2012-04-23,247.0274,247.0274,235.1175,236.1442,7808600,91009200.00,0.01885811,0.012434,20.5342
SH600880,2012-04-24,234.0908,239.4297,224.4397,233.6801,7019800,79187600.00,0.01695312,0.011178,20.5342
SH600880,2012-04-25,233.8855,242.3045,229.9839,238.6083,7577900,86830304.00,0.01830096,0.012067,20.5342
SH600880,2012-04-26,237.1709,242.3045,232.0374,232.2427,7101800,81691520.00,0.01715116,0.011309,20.5342
SH600880,2012-04-27,233.0641,235.7335,230.3946,231.8320,5730000,65040936.00,0.01383820,0.009124,20.5342
SH600880,2012-05-02,234.9122,238.4030,232.6534,236.1442,6332000,72766504.00,0.01529206,0.010083,20.5342
SH600880,2012-05-03,235.7335,241.0725,235.3229,239.6351,6793700,79013392.00,0.01640708,0.010818,20.5342
SH600880,2012-05-04,239.6351,243.5366,239.4297,242.9205,7717500,90911832.00,0.01863810,0.012289,20.5342
SH600880,2012-05-07,241.2778,242.7152,237.3763,241.4831,7910000,92247792.00,0.01910299,0.012596,20.5342
SH600880,2012-05-08,243.3312,247.2327,241.4831,244.1526,10573500,125912400.00,0.02553546,0.016837,20.5342
SH600880,2012-05-09,240.2511,240.8671,233.0641,233.4748,10927300,126110712.00,0.02638991,0.017401,20.5342
SH600880,2012-05-10,233.6801,235.9389,232.4481,234.2961,4293200,48976000.00,0.01036826,0.006837,20.5342
SH600880,2012-05-11,236.3496,237.3763,228.1359,228.5465,5905500,67018152.00,0.01426204,0.009404,20.5342
SH600880,2012-05-14,230.3946,231.2160,226.0824,226.9038,5758700,64265032.00,0.01390751,0.009170,20.5342
SH600880,2012-05-15,223.8237,225.6717,220.9489,224.2343,6267300,67966440.00,0.01513580,0.009980,20.5342
SH600880,2012-05-16,223.2076,224.8504,219.1008,219.9221,4371100,47240576.00,0.01055640,0.006961,20.5342
SH600880,2012-05-17,220.7553,226.5866,219.2975,222.8379,5579100,59853488.00,0.01347377,0.008884,20.8259
SH600880,2012-05-18,221.7966,224.9205,220.3388,222.4214,4307800,46104460.00,0.01040352,0.006860,20.8259
SH600880,2012-05-21,223.8792,224.7122,219.9222,223.4627,2304400,24640276.00,0.00556523,0.003670,20.8259
SH600880,2012-05-22,224.2957,228.0444,223.8792,227.2113,3694300,40210836.00,0.00892190,0.005883,20.8259
SH600880,2012-05-23,226.5866,227.0031,220.1305,222.2131,6254700,66917744.00,0.01510537,0.009960,20.8259
SH600880,2012-05-24,220.5470,222.8379,219.9222,220.9635,3766400,39965328.00,0.00909602,0.005998,20.8259
SH600880,2012-05-25,221.5883,221.7966,213.2579,214.9240,5217000,54198480.00,0.01259928,0.008308,20.8259
SH600880,2012-05-28,214.5075,218.4644,210.3423,217.6314,4041800,41625684.00,0.00976112,0.006436,20.8259
SH600880,2012-05-29,217.0066,220.5470,215.3405,219.5057,5373600,56541496.00,0.01297748,0.008557,20.8259
SH600880,2012-05-30,218.2562,221.3801,218.2562,219.5057,3572900,37716360.00,0.00862871,0.005690,20.8259
SH600880,2012-05-31,218.6727,224.2957,216.5901,222.4214,5018800,53417696.00,0.01212062,0.007992,20.8259
SH600880,2012-06-01,222.4214,224.5040,220.7553,222.4214,2519500,26956092.00,0.00608470,0.004012,20.8259
SH600880,2012-06-04,217.6314,217.6314,208.2597,213.4662,5707500,58869528.00,0.01378386,0.009089,20.8259
SH600880,2012-06-05,213.2579,214.5075,210.3423,212.8414,2723600,27791528.00,0.00657761,0.004337,20.8259
SH600880,2012-06-06,213.8827,214.0910,208.0514,209.0927,3869400,39144792.00,0.00934477,0.006162,20.8259
SH600880,2012-06-07,211.1753,211.5919,207.0101,207.0101,3345200,33570272.00,0.00807880,0.005327,20.8259
SH600880,2012-06-08,208.6762,211.1753,205.9688,207.0101,3759200,37574552.00,0.00907863,0.005986,20.8259
SH600880,2012-06-11,207.2184,212.0084,207.2184,210.9671,2082900,20986554.00,0.00503029,0.003317,20.8259
SH600880,2012-06-12,209.5093,209.9258,207.4267,208.0514,2135100,21381530.00,0.00515636,0.003400,20.8259
SH600880,2012-06-13,209.3010,213.6745,208.2597,212.8414,3531800,35930060.00,0.00852945,0.005624,20.8259
SH600880,2012-06-14,213.0497,214.2992,210.3423,211.3836,2408600,24598372.00,0.00581687,0.003835,20.8259
SH600880,2012-06-15,211.8001,214.7158,210.9671,214.0910,3309800,33898912.00,0.00799331,0.005271,20.8259
SH600880,2012-06-18,214.9240,217.2149,213.8827,214.7158,2703800,27962444.00,0.00652979,0.004306,20.8259
SH600880,2012-06-19,214.5075,218.0479,213.6745,214.2992,2713200,28118080.00,0.00655250,0.004321,20.8259
SH600880,2012-06-20,214.7158,218.2562,214.7158,216.5901,5428400,56532420.00,0.01310982,0.008644,20.8259
SH600880,2012-06-21,215.9653,216.3818,209.9258,211.5919,3757300,38155352.00,0.00907404,0.005983,20.8259
SH600880,2012-06-25,211.3836,211.3836,205.9688,206.3854,2391600,23932728.00,0.00577582,0.003808,20.8259
SH600880,2012-06-26,205.7606,207.4267,204.3028,207.2184,1530600,15142848.00,0.00369647,0.002437,20.8259
SH600880,2012-06-27,207.0101,209.5093,206.8019,207.4267,1332700,13306541.00,0.00321853,0.002122,20.8259
SH600880,2012-06-28,207.6349,209.0927,203.4697,203.6780,1875400,18604168.00,0.00452917,0.002986,20.8259
SH600880,2012-06-29,203.6780,207.8432,201.5954,207.6349,2203200,21615284.00,0.00532082,0.003508,20.8259
SH600880,2012-07-02,209.5093,213.0497,208.6762,211.3836,2809500,28513000.00,0.00678506,0.004474,20.8259
SH600880,2012-07-03,212.6332,214.5075,210.7588,211.3836,3688600,37628668.00,0.00890813,0.005874,20.8259
SH600880,2012-07-04,211.5919,213.4662,209.9258,211.5919,1729100,17512272.00,0.00417585,0.002753,20.8259
SH600880,2012-07-05,211.3836,211.3836,206.1771,208.2597,2281700,22806446.00,0.00551040,0.003633,20.8259
SH600880,2012-07-06,214.2992,220.1305,208.8845,215.1323,12835600,131577336.00,0.03099853,0.020440,20.8259
SH600880,2012-07-09,211.5919,212.0084,204.3028,204.9275,8108000,81227600.00,0.01958117,0.012911,20.8259
SH600880,2012-07-10,204.0945,211.1753,200.1376,208.0514,8127600,80110232.00,0.01962851,0.012942,20.8259
SH600880,2012-07-11,206.8019,211.8001,206.8019,209.7175,4485000,45238256.00,0.01083147,0.007142,20.8259
SH600880,2012-07-12,209.5093,213.0497,206.8019,211.3836,4233300,42819672.00,0.01022360,0.006741,20.8259
SH600880,2012-07-13,213.2579,215.3405,211.1753,211.8001,4130100,42267880.00,0.00997437,0.006577,20.8259
SH600880,2012-07-16,212.8414,213.2579,203.0532,203.4697,5520300,55002748.00,0.01333176,0.008791,20.8259
SH600880,2012-07-17,201.3871,205.3441,201.1789,205.1358,2006600,19597908.00,0.00484603,0.003195,20.8259
SH600880,2012-10-25,224.9205,224.9205,205.7606,210.3423,41618500,423919936.00,0.10051049,0.066274,20.8259
SH600880,2012-10-26,206.8019,231.3765,202.2202,230.9600,64877300,692426496.00,0.15668150,0.103311,20.8259
SH600880,2012-10-29,224.9205,238.8739,221.3801,229.5022,55503500,614313280.00,0.13404337,0.088384,20.8259
SH600880,2012-10-30,227.0031,234.9169,224.5040,228.8774,37107100,409700224.00,0.08961526,0.059090,20.8259
SH600880,2012-10-31,227.0031,228.8774,219.2975,222.8379,28145900,302253824.00,0.06797357,0.044820,20.8259
SH600880,2012-11-01,223.0461,228.8774,220.5470,222.8379,28123000,303657696.00,0.06791827,0.044783,20.8259
SH600880,2012-11-02,222.8379,230.3352,219.9222,227.4196,37000700,402274816.00,0.08935830,0.058920,20.8259
SH600880,2012-11-05,226.7948,229.9187,221.5883,222.8379,33771400,367934752.00,0.08155940,0.053778,20.8259
SH600880,2012-11-06,220.9635,234.7087,218.2562,232.2096,64436400,705388352.00,0.15561671,0.102609,20.8259
SH600880,2012-11-07,229.5022,229.7105,221.1718,223.8792,41660000,450281888.00,0.10061071,0.066340,20.8259
SH600880,2012-11-08,218.8809,224.7122,217.0066,217.4231,27478000,292737376.00,0.06636057,0.043756,20.8259
SH600880,2012-11-09,216.5901,239.0821,215.3405,239.0821,64441700,706986560.00,0.15562951,0.102617,20.8259
SH600880,2012-11-12,234.2922,236.5830,230.5435,233.0426,55757600,624903488.00,0.13465703,0.088789,20.8259
SH600880,2012-11-13,231.5848,238.4574,227.2113,227.8361,54312200,609533568.00,0.13116633,0.086487,20.8259
SH600880,2012-11-14,227.6279,243.8721,225.3370,237.8326,66149200,747737088.00,0.15975320,0.105336,20.8259
SH600880,2012-11-15,234.2922,239.7069,230.1270,233.0426,48895500,552841856.00,0.11808476,0.077862,20.8259
SH600880,2012-11-16,231.3765,234.2922,220.7553,225.1287,39216900,431858400.00,0.09471052,0.062449,20.8259
SH600880,2012-11-19,222.2131,230.1270,220.9635,229.9187,20847700,226642224.00,0.05034810,0.033198,20.8259
SH600880,2012-11-20,228.6692,230.9600,224.0874,225.1287,15177000,166282304.00,0.03665312,0.024168,20.8259
SH600880,2012-11-21,224.2957,236.9995,218.8809,236.3748,46639700,514833152.00,0.11263691,0.074269,20.8259
SH600880,2012-11-22,234.0839,234.9169,227.2113,230.7518,34142700,378823744.00,0.08245611,0.054369,20.8259
SH600880,2012-11-23,230.1270,232.6261,225.5453,228.0444,38520500,425525760.00,0.09302868,0.061340,20.8259
SH600880,2012-11-26,226.3783,230.5435,223.4627,227.6279,33418400,365698336.00,0.08070689,0.053216,20.8259
SH600880,2012-11-27,225.9618,230.3352,220.9635,221.7966,32899800,358144992.00,0.07945445,0.052390,20.8259
SH600880,2012-11-28,219.2975,225.3370,214.7158,222.0048,26277500,277337824.00,0.06346131,0.041844,20.8259
SH600880,2012-11-29,220.9635,224.9205,219.9222,221.3801,42926000,458306496.00,0.10366816,0.068356,20.8259
SH600880,2012-11-30,220.9635,224.0874,217.6314,220.7553,28661900,304210272.00,0.06921974,0.045641,20.8259
SH600880,2012-12-03,238.4574,238.4574,214.0910,214.7158,37839900,407716096.00,0.09138501,0.060257,20.8259
SH600880,2012-12-04,210.3423,210.3423,193.2650,193.2650,33578900,313313792.00,0.08109451,0.053471,20.8259
SH600880,2012-12-05,185.3511,197.6385,177.4373,191.3907,39274100,358671520.00,0.09484866,0.062540,20.8259
SH600880,2012-12-06,187.8502,190.5576,179.5199,182.0190,32400200,286874880.00,0.07824789,0.051594,20.8259
SH600880,2012-12-07,182.2272,189.5163,181.6025,187.2255,25324400,225312528.00,0.06115953,0.040327,20.8259
SH600880,2012-12-10,186.3924,192.4320,185.3511,190.7659,25061900,228336544.00,0.06052558,0.039909,20.8259
SH600880,2012-12-11,190.7659,196.5972,189.3081,191.3907,23570300,218459344.00,0.05692330,0.037534,20.8259
SH600880,2012-12-12,190.7659,192.2237,183.6850,188.2668,19819800,178502960.00,0.04786568,0.031561,20.8259
SH600880,2012-12-13,188.2668,189.7246,182.6438,183.4768,15174700,135743584.00,0.03664756,0.024164,20.8259
SH600880,2012-12-14,182.8520,190.9741,182.8520,189.3081,27027300,244165168.00,0.06527211,0.043038,20.8259
SH600880,2012-12-17,190.3494,197.4302,189.3081,194.9311,30879000,286268896.00,0.07457413,0.049172,20.8259
SH600880,2012-12-18,194.0980,194.7228,190.5576,191.3907,21093800,194945520.00,0.05094245,0.033590,20.8259
SH600880,2012-12-19,191.3907,196.3889,191.1824,192.4320,16268000,151255952.00,0.03928793,0.025905,20.8259
SH600880,2012-12-20,191.8072,193.4733,188.4750,190.5576,15480100,141746672.00,0.03738512,0.024651,20.8259
SH600880,2012-12-21,190.9741,192.6402,189.0998,190.5576,14736300,134996512.00,0.03558881,0.023466,20.8259
SH600880,2012-12-24,190.3494,190.9741,188.4750,189.9328,10797200,98385056.00,0.02607571,0.017194,20.8259
SH600880,2012-12-25,189.7246,195.7641,188.8915,194.3063,23596400,219006304.00,0.05698633,0.037575,20.8259
SH600880,2012-12-26,194.7228,200.7623,193.4733,199.0963,26699100,253590528.00,0.06447949,0.042516,20.8259
SH600880,2012-12-27,199.7211,200.7623,194.7228,195.7641,21205600,200125616.00,0.05121245,0.033768,20.8259
SH600880,2012-12-28,196.5972,200.5541,196.1806,197.8467,16756600,159267440.00,0.04046792,0.026683,20.8259
SH600880,2012-12-31,198.6798,202.8449,197.8467,200.7623,19912100,191726928.00,0.04808859,0.031708,20.8259
SH600880,2013-01-04,202.4284,202.8449,192.6402,196.8054,22640100,213916336.00,0.05467683,0.036052,20.8259
SH600880,2013-01-07,195.5559,203.0532,194.7228,202.6367,29161000,281075936.00,0.07042508,0.046436,20.8259
SH600880,2013-01-08,203.0532,208.2597,200.1376,207.8432,28500900,279684384.00,0.06883091,0.045385,20.8259
SH600880,2013-01-09,206.3854,212.8414,204.7193,207.4267,33035100,331159552.00,0.07978120,0.052605,20.8259
SH600880,2013-01-10,208.4680,220.7553,208.4680,217.6314,37209400,387912160.00,0.08986232,0.059253,20.8259
SH600880,2013-01-11,218.2562,227.2113,215.3405,221.5883,42511000,450931712.00,0.10266592,0.067695,20.8259
SH600880,2013-01-14,223.2544,228.4609,217.2149,228.0444,34027300,365475040.00,0.08217741,0.054185,20.8259
SH600880,2013-01-15,225.9618,231.7931,223.8792,230.5435,29890300,327383776.00,0.07218638,0.047598,20.8259
SH600880,2013-01-16,230.1270,230.1270,220.7553,225.7535,25028500,270666496.00,0.06044492,0.039856,20.8259
SH600880,2013-01-17,222.8379,224.9205,216.7983,217.6314,20140000,213055520.00,0.04863898,0.032071,20.8259
SH600880,2013-01-18,217.8396,220.3388,212.2166,217.8396,29005000,300889984.00,0.07004834,0.046188,20.8259
SH600880,2013-01-21,216.5901,226.1700,213.8827,224.7122,26782900,284232512.00,0.06468187,0.042649,20.8259
SH600880,2013-01-22,221.7966,226.7948,217.4231,223.0461,21179800,225923600.00,0.05115014,0.033727,20.8259
SH600880,2013-01-23,222.2131,225.5453,215.9653,219.7140,15051500,159430704.00,0.03635003,0.023968,20.8259
SH600880,2013-01-24,219.9222,220.9635,212.0084,214.0910,15754900,163343936.00,0.03804877,0.025088,20.8259
SH600880,2013-01-25,214.5075,221.3801,212.4249,218.4644,15189500,158739056.00,0.03668330,0.024188,20.8259
SH600880,2013-01-28,210.3423,213.0497,207.2184,212.0084,30114600,303023392.00,0.07272807,0.047955,20.8259
SH600880,2013-01-29,211.1753,214.0910,208.8845,210.3423,17977500,182560208.00,0.04341645,0.028628,20.8259
SH600880,2013-01-30,210.3423,211.1753,202.0119,203.6780,26917400,265414176.00,0.06500669,0.042863,20.8259
SH600880,2013-01-31,203.6780,205.9688,200.7623,205.3441,14444700,141522976.00,0.03488458,0.023002,20.8259
SH600880,2013-02-01,209.9258,214.7158,208.0514,212.8414,28120800,286105632.00,0.06791296,0.044780,20.8259
SH600880,2013-02-04,212.4249,213.4662,208.6762,210.5506,12410600,125317624.00,0.02997214,0.019763,20.8259
SH600880,2013-02-05,209.7175,211.5919,206.1771,210.9671,13901800,139095360.00,0.03357345,0.022137,20.8259
SH600880,2013-02-06,212.2166,215.9653,211.5919,214.5075,14312100,147350544.00,0.03456434,0.022791,20.8259
SH600880,2013-02-07,216.1736,216.5901,209.7175,211.1753,16312900,165687648.00,0.03939636,0.025977,20.8259
SH600880,2013-02-08,211.8001,217.6314,211.3836,215.7571,13858900,142946336.00,0.03346985,0.022069,20.8259
SH600880,2013-02-18,216.7983,221.7966,215.3405,219.9222,13724600,144354496.00,0.03314551,0.021855,20.8259
SH600880,2013-02-19,218.8809,225.1287,215.7571,221.3801,19164300,203336304.00,0.04628262,0.030517,20.8259
SH600880,2013-02-20,220.7553,231.5848,219.9222,230.3352,33034000,361220256.00,0.07977855,0.052604,20.8259
SH600880,2013-02-21,228.4609,234.9169,225.1287,226.7948,30384600,335672800.00,0.07338013,0.048385,20.8259
SH600880,2013-02-22,227.0031,235.3335,227.0031,233.0426,24491200,273773184.00,0.05914731,0.039000,20.8259
SH600880,2013-02-25,233.0426,234.0839,227.6279,228.8774,17978400,198588016.00,0.04341862,0.028629,20.8259
SH600880,2013-02-26,228.2526,234.7087,223.2544,227.8361,24035600,265566528.00,0.05804702,0.038274,20.8259
SH600880,2013-02-27,232.0013,234.0839,224.5040,228.0444,14198200,156188448.00,0.03428927,0.022609,20.8259
SH600880,2013-02-28,230.5435,237.4161,226.7948,236.5830,26573200,298857312.00,0.06417543,0.042315,20.8259
SH600880,2013-03-01,237.4161,238.6656,229.0857,234.0839,32505300,364818080.00,0.07850171,0.051762,20.8259
SH600880,2013-03-04,232.8344,232.8344,217.8396,221.1718,19862000,215220960.00,0.04796759,0.031628,20.8259
SH600880,2013-03-05,223.0461,225.9618,219.5057,224.9205,15407800,164849904.00,0.03721051,0.024535,20.8259
SH600880,2013-03-06,225.9618,231.5848,220.9635,231.1683,18457100,202159920.00,0.04457470,0.029391,20.8259
SH600880,2013-03-07,229.0857,230.1270,223.2544,224.9205,12427200,135178816.00,0.03001223,0.019789,20.8259
SH600880,2013-03-08,225.3370,229.7105,223.6709,224.7122,10829500,117887232.00,0.02615371,0.017245,20.8259
SH600880,2013-03-11,225.1287,225.7535,217.2149,218.4644,11925200,126615856.00,0.02879988,0.018990,20.8259
SH600880,2013-03-12,218.4644,220.3388,206.1771,209.7175,15652500,159323824.00,0.03780147,0.024925,20.8259
SH600880,2013-03-13,209.7175,210.3423,205.9688,208.8845,7373300,73598832.00,0.01780684,0.011741,20.8259
SH600880,2013-03-14,210.7588,214.9240,208.2597,211.3836,8354000,85296888.00,0.02017527,0.013303,20.8259
SH600880,2013-03-15,213.6745,216.3818,209.3010,210.9671,9639200,98893832.00,0.02327909,0.015350,20.8259
SH600880,2013-03-18,210.9671,212.4249,208.0514,210.5506,5669200,57228828.00,0.01369136,0.009028,20.8259
SH600880,2013-03-19,209.5093,211.8001,205.9688,208.2597,8234900,82055336.00,0.01988764,0.013113,20.8259
SH600880,2013-03-20,208.0514,213.4662,207.4267,213.2579,8268700,83813320.00,0.01996927,0.013167,20.8259
SH600880,2013-03-21,213.6745,218.6727,213.0497,215.7571,10563200,109697264.00,0.02551059,0.016821,20.8259
SH600880,2013-03-22,215.7571,217.6314,212.6332,215.1323,6870400,70740704.00,0.01659232,0.010940,20.8259
SH600880,2013-03-25,215.1323,215.7571,209.5093,213.4662,7402400,75390536.00,0.01787712,0.011788,20.8259
SH600880,2013-03-26,212.4249,212.6332,208.4680,209.3010,5698700,57469528.00,0.01376261,0.009075,20.8259
SH600880,2013-03-27,210.5506,211.8001,208.6762,209.9258,4283800,43257344.00,0.01034556,0.006822,20.8259
SH600880,2013-03-28,208.2597,208.2597,202.8449,203.0532,7328500,72255376.00,0.01769865,0.011670,20.8259
SH600880,2013-03-29,203.8862,207.2184,201.8036,204.3028,3506400,34380572.00,0.00846811,0.005584,20.8259
SH600880,2013-04-01,204.0945,205.5523,202.4284,202.8449,3802700,37247352.00,0.00918369,0.006055,20.8259
SH600880,2013-04-02,202.6367,205.1358,197.8467,198.6798,5840200,56284528.00,0.01410434,0.009300,20.8259
SH600880,2013-04-03,200.6005,200.6005,192.9179,194.6251,6310300,57840984.00,0.01523965,0.010049,21.3404
SH600880,2013-04-08,192.0643,192.4911,189.2900,190.7838,10024800,89562752.00,0.02421033,0.015964,21.3404
SH600880,2013-04-09,190.9972,199.7468,190.9972,197.3994,10351900,94859264.00,0.02500029,0.016484,21.3404
SH600880,2013-04-10,197.3994,198.8932,194.4117,196.1190,6074800,55981156.00,0.01467091,0.009674,21.3404
SH600880,2013-04-11,196.9726,197.8262,192.9179,193.1313,4779200,43581364.00,0.01154198,0.007610,21.3404
SH600880,2013-04-12,192.2777,195.2653,192.2777,194.6251,2851500,25851436.00,0.00688650,0.004541,21.3404
SH600880,2013-04-15,194.6251,194.6251,187.1560,188.8632,6551300,58352152.00,0.01582167,0.010432,21.3404
SH600880,2013-04-16,188.6498,194.1983,188.6498,193.5581,5477800,48986516.00,0.01322913,0.008723,21.3404
SH600880,2013-04-17,193.7715,201.6675,193.3447,200.3871,10366300,96567888.00,0.02503507,0.016507,21.3404
SH600880,2013-04-18,201.2407,218.3131,198.6798,215.5388,26513800,261717088.00,0.06403198,0.042221,21.3404
SH600880,2013-04-19,214.0450,217.2460,212.5511,215.9656,19451100,195786784.00,0.04697525,0.030974,21.3404
SH600880,2013-04-22,215.5388,230.2637,214.0450,220.2337,24323800,253876976.00,0.05874304,0.038733,21.3404
SH600880,2013-04-23,219.8069,223.6482,215.1120,218.7399,18878800,194661792.00,0.04559312,0.030063,21.3404
SH600880,2013-04-24,218.7399,228.9833,217.4594,227.0627,26267500,276974656.00,0.06343716,0.041829,21.3404
SH600880,2013-04-25,224.5018,234.3184,221.9409,222.7946,21410300,229249952.00,0.05170681,0.034094,21.3404
SH600880,2013-04-26,225.3554,228.7699,217.6728,219.5935,15810900,164383200.00,0.03818401,0.025177,21.3404
SH600880,2013-05-02,219.3801,226.8493,218.3131,224.0750,12638600,132172512.00,0.03052277,0.020126,21.3404
SH600880,2013-05-03,225.1420,229.1967,223.6482,227.9163,15894100,168732272.00,0.03838494,0.025310,21.3404
SH600880,2013-05-06,227.9163,250.1104,227.2761,244.5619,44329100,501967328.00,0.10705671,0.070590,21.3404
SH600880,2013-05-07,241.1474,242.8546,237.0927,240.9340,19840400,222977648.00,0.04791543,0.031594,21.3404
SH600880,2013-05-08,245.6289,254.8053,243.0680,249.6836,37961500,444840288.00,0.09167868,0.060450,21.3404
SH600880,2013-05-09,251.3908,255.4455,244.7753,252.2444,39906300,467773440.00,0.09637545,0.063547,21.3404
SH600880,2013-05-10,251.6042,256.7259,247.1227,249.4702,23381200,274573952.00,0.05646662,0.037232,21.3404
SH600880,2013-05-13,248.4031,251.8176,242.6412,249.8970,24682200,285110752.00,0.05960859,0.039304,21.3404
SH600880,2013-05-14,251.6042,252.6712,236.0257,237.7329,29650700,336139136.00,0.07160773,0.047216,21.3404
SH600880,2013-05-15,237.9463,245.6289,237.3061,244.9887,25398600,287922304.00,0.06133872,0.040445,21.3404
SH600880,2013-05-16,243.2814,252.2444,241.5742,245.8423,29658400,344199264.00,0.07162633,0.047228,21.3404
SH600880,2013-05-17,245.6289,270.3838,245.2021,270.3838,66744300,825910912.00,0.16119039,0.106284,21.3404
SH600880,2013-05-20,275.2921,285.3222,271.2375,277.6396,74005600,964030144.00,0.17872675,0.117847,21.3404
SH600880,2013-05-21,277.4262,305.3822,276.7860,305.3822,74287000,1035427392.00,0.17940634,0.118295,21.3404
SH600880,2013-05-22,311.7844,317.5463,298.9801,308.7967,74437700,1076958976.00,0.17977029,0.118535,21.3404
SH600880,2013-05-23,305.1688,315.6256,297.9131,302.6080,55667900,803505792.00,0.13444040,0.088646,21.3404
SH600880,2013-05-24,305.1688,321.6010,299.4069,311.9978,55989900,821009280.00,0.13521805,0.089159,21.3404
SH600880,2013-05-27,309.2235,327.1495,304.1018,315.8391,50448100,745345536.00,0.12183436,0.080334,21.3404
SH600880,2013-05-28,312.4246,319.0401,298.7667,302.6080,40791300,583061824.00,0.09851277,0.064956,21.3404
SH600880,2013-05-29,303.6750,312.6380,301.5409,309.0101,34789700,501411104.00,0.08401864,0.055399,21.3404
SH600880,2013-05-30,311.5710,338.6734,308.3699,330.7774,59452000,907292992.00,0.14357917,0.094672,21.3404
SH600880,2013-05-31,326.5093,346.1425,322.4546,338.6734,42313300,665310528.00,0.10218846,0.067380,21.3404
SH600880,2013-06-03,332.9114,341.6610,326.5093,330.1372,26661700,416352128.00,0.06438917,0.042456,21.3404
SH600880,2013-06-04,330.1372,348.7034,311.7844,317.5463,37177200,573611200.00,0.08978456,0.059201,21.3404
SH600880,2013-06-05,317.9731,344.6487,315.1988,343.1549,43895100,684722752.00,0.10600858,0.069899,21.3404
SH600880,2013-06-06,341.4476,347.2096,330.7774,333.3382,28070600,443996224.00,0.06779172,0.044700,21.3404
SH600880,2013-06-07,335.4723,337.8197,304.5286,315.8391,39036400,582605760.00,0.09427461,0.062162,21.3404
SH600880,2013-06-13,305.1688,311.9978,290.2305,306.8761,31871000,450683264.00,0.07696985,0.050752,21.3404
SH600880,2013-06-14,309.6503,337.6063,307.9431,337.6063,53360400,825263168.00,0.12886769,0.084971,21.3404
SH600880,2013-06-17,335.0455,359.3736,335.0455,341.0208,76840700,1240497408.00,0.18557364,0.122362,21.3404
SH600880,2013-06-18,340.3806,354.6787,330.7774,346.9962,42669900,686879872.00,0.10304967,0.067948,21.3404
SH600880,2013-06-19,341.4476,351.4777,336.1125,345.2889,25942900,417006912.00,0.06265323,0.041312,21.3404
SH600880,2013-06-20,343.5817,356.5994,328.0031,331.2042,39556500,637246592.00,0.09553067,0.062990,21.3404
SH600880,2013-06-21,317.9731,340.8074,305.3822,329.4970,36098300,545530432.00,0.08717897,0.057483,21.3404
SH600880,2013-06-24,326.5093,327.5763,296.6326,296.6326,38111300,549977536.00,0.09204045,0.060689,21.3404
SH600880,2013-06-25,289.8037,313.0648,268.4632,306.4492,49337400,679681024.00,0.11915197,0.078565,21.3404
SH600880,2013-06-26,306.8761,337.1795,306.8761,337.1795,53192500,810344512.00,0.12846220,0.084704,21.3404
SH600880,2013-06-27,354.4653,366.6294,333.9785,345.9291,75911600,1247532672.00,0.18332982,0.120882,21.3404
SH600880,2013-06-28,354.0385,380.5007,342.0878,376.2326,84475100,1459361408.00,0.20401104,0.134519,21.3404
SH600880,2013-07-10,413.7919,413.7919,413.7919,413.7919,2766900,53650712.00,0.00668218,0.004406,21.3404
SH600880,2013-07-11,426.8096,455.1924,414.6455,455.1924,86245800,1769470208.00,0.20828736,0.137338,21.3404
SH600880,2013-07-12,469.4905,500.6476,460.9543,476.9597,77170200,1742457856.00,0.18636939,0.122886,21.3404
SH600880,2013-07-15,475.6792,509.1838,465.2224,502.3548,62256300,1428677760.00,0.15035168,0.099137,21.3404
SH600880,2013-07-16,490.8310,503.2085,472.6916,484.6423,50426800,1146699520.00,0.12178292,0.080300,21.3404
SH600880,2013-07-17,482.2948,531.3779,482.2948,512.8117,64722300,1532178176.00,0.15630717,0.103064,21.3404
SH600880,2013-07-18,507.9034,510.0374,494.8857,496.3795,38060400,893481600.00,0.09191752,0.060608,21.3404
SH600880,2013-07-19,493.1784,528.1768,466.2894,471.8380,52122400,1225833088.00,0.12587787,0.083000,21.3404
SH600880,2013-07-22,474.1854,519.0004,474.1854,519.0004,64629900,1538167808.00,0.15608402,0.102917,21.3404
SH600880,2013-07-23,528.8170,528.8170,503.6353,517.2932,40878200,982923904.00,0.09872263,0.065095,21.3404
SH600880,2013-07-24,526.6830,539.2739,507.9034,521.7747,48687300,1192179072.00,0.11758195,0.077530,21.3404
SH600880,2013-07-25,514.0921,515.1591,469.7039,469.7039,60755000,1373621248.00,0.14672597,0.096747,21.3404
SH600880,2013-07-26,466.5028,478.4535,443.4551,465.4358,58113800,1254038144.00,0.14034736,0.092541,21.3404
SH600880,2013-07-29,455.6192,459.6739,438.1200,446.6562,37623500,792970368.00,0.09086239,0.059912,21.3404
SH600880,2013-07-30,447.0830,451.7779,406.9629,423.8219,55315900,1099118336.00,0.13359031,0.088085,21.3404
SH600880,2013-07-31,431.0776,434.9189,419.1270,420.1940,35539000,712764224.00,0.08582823,0.056593,21.3404
SH600880,2013-08-01,422.3280,453.4852,418.9136,449.6439,56959600,1180211968.00,0.13755991,0.090703,21.3404
SH600880,2013-08-02,448.1500,449.8573,434.9189,437.0530,41617800,862508736.00,0.10050880,0.066272,21.3404
SH600880,2013-08-05,439.6138,449.6439,433.8519,445.3758,24094300,500850112.00,0.05818878,0.038368,21.3404
SH600880,2013-08-06,458.8203,489.9774,458.8203,489.9774,41563700,937517888.00,0.10037815,0.066186,21.3404
SH600880,2013-08-07,501.5012,509.6106,479.0937,502.1414,72228900,1680663936.00,0.17443594,0.115018,21.3404
SH600880,2013-08-08,493.3918,504.0621,485.9227,493.6053,32732600,759157376.00,0.07905065,0.052124,21.3404
SH600880,2013-08-09,497.6599,508.3302,458.8203,472.9050,48730200,1094466176.00,0.11768555,0.077598,21.3404
SH600880,2013-08-12,486.5629,490.1908,444.9490,461.3811,44489400,969781376.00,0.10744384,0.070845,21.3404
SH600880,2013-08-13,457.3264,496.5929,451.3511,479.0937,54696200,1231717888.00,0.13209370,0.087099,21.3404
SH600880,2013-08-14,473.7586,485.7093,454.5522,474.8256,38952100,856639488.00,0.09407102,0.062028,21.3404
SH600880,2013-08-15,475.0390,494.0321,462.6616,477.8133,48193500,1086103424.00,0.11638940,0.076744,21.3404
SH600880,2013-08-16,469.2771,479.0937,434.9189,435.5591,50640200,1083661696.00,0.12229829,0.080640,21.3404
SH600880,2013-08-19,429.3704,453.0583,427.4498,447.7232,27148500,563459456.00,0.06556481,0.043231,21.3404
SH600880,2013-08-20,457.7532,485.2825,457.7532,469.2771,51925700,1152045568.00,0.12540283,0.082687,21.3404
SH600880,2013-08-21,469.0637,481.0144,464.1554,470.9843,30325300,671139264.00,0.07323692,0.048290,21.3404
SH600880,2013-08-22,473.1184,506.8364,467.7833,494.0321,59235700,1361197312.00,0.14305679,0.094327,21.3404
SH600880,2013-08-23,494.0321,510.2508,484.4288,497.4465,61555300,1436256768.00,0.14865873,0.098021,21.3404
SH600880,2013-08-26,499.3672,524.1221,491.0444,516.0128,50190500,1195596032.00,0.12121224,0.079924,21.3404
SH600880,2013-08-27,512.1715,524.9758,498.5136,521.5613,51086700,1227758080.00,0.12337660,0.081351,21.3404
SH600880,2013-08-28,512.3849,535.2192,492.9650,494.2455,52148200,1261311232.00,0.12594017,0.083041,21.3404
SH600880,2013-08-29,488.2701,541.6213,486.5629,530.5243,70056600,1716736000.00,0.16918974,0.111559,21.3404
SH600880,2013-08-30,524.9758,525.6160,477.3865,477.3865,62424900,1444129280.00,0.15075885,0.099406,21.3404
SH600880,2013-09-02,459.0337,492.9650,456.0460,478.4535,34472700,767260928.00,0.08325307,0.054895,21.3404
SH600880,2013-09-03,474.8256,494.8857,473.3318,485.2825,35810200,813059392.00,0.08648319,0.057024,21.3404
SH600880,2013-09-04,480.1608,483.1484,458.8203,470.7709,41945900,925608448.00,0.10130117,0.066795,21.3404
SH600880,2013-09-05,465.2224,517.9334,463.0884,517.9334,87677900,2070064384.00,0.21174595,0.139619,21.3404
SH600880,2013-09-06,544.1822,569.7908,531.1645,569.7908,79440000,2061357056.00,0.19185106,0.126501,21.3404
SH600880,2013-09-09,575.1259,581.1012,546.5296,564.8825,68915800,1817602560.00,0.16643466,0.109742,21.3404
SH600880,2013-09-10,567.4433,584.9425,533.7254,554.8524,57275200,1494930304.00,0.13832210,0.091205,21.3404
SH600880,2013-09-11,542.0481,543.7554,501.0744,511.9581,47431800,1148352384.00,0.11454986,0.075531,21.3404
SH600880,2013-09-12,507.4766,526.8964,501.7146,508.7570,32267300,775940736.00,0.07792693,0.051383,21.3404
SH600880,2013-09-13,508.3302,544.1822,486.7763,532.2315,44019100,1073515840.00,0.10630804,0.070096,21.3404
SH600880,2013-09-16,525.4026,559.7607,521.1345,538.4203,46283800,1176421760.00,0.11177739,0.073703,21.3404
SH600880,2013-09-17,538.4203,543.3286,509.6106,512.8117,29690900,728598144.00,0.07170482,0.047280,21.3404
SH600880,2013-09-18,512.3849,561.2546,507.9034,552.7184,50427800,1288145664.00,0.12178533,0.080302,21.3404
SH600880,2013-09-23,552.2916,592.1983,543.7554,577.9001,51300400,1354087552.00,0.12389270,0.081691,21.3404
SH600880,2013-09-24,569.7908,576.1929,552.5050,560.1876,39912400,1056681216.00,0.09639018,0.063557,21.3404
SH600880,2013-09-25,556.1329,610.7645,556.1329,582.3816,47750300,1326319872.00,0.11531905,0.076038,21.3404
SH600880,2013-09-26,604.1489,633.8122,588.9972,598.6004,50740200,1454110080.00,0.12253979,0.080799,21.3404
SH600880,2013-09-27,597.5334,621.8615,572.3516,605.4294,38595700,1081871104.00,0.09321030,0.061460,21.3404
SH600880,2013-09-30,603.9355,647.2567,599.0272,623.1420,37691000,1110830208.00,0.09102541,0.060019,21.3404
SH600880,2013-10-08,629.7575,646.6165,599.4540,612.6851,38443700,1113850240.00,0.09284321,0.061218,21.3404
SH600880,2013-10-09,606.0696,634.8792,593.9055,628.2637,36309200,1046518528.00,0.08768830,0.057819,21.3404
SH600880,2013-10-10,641.9216,642.3484,579.1806,591.3447,39489300,1124885504.00,0.09536838,0.062883,21.3404
SH600880,2013-10-11,590.2776,597.5334,546.3162,574.0589,43010300,1144676480.00,0.10387175,0.068490,21.3404
SH600880,2013-10-14,569.7908,582.1682,554.8524,577.9001,23644000,631017600.00,0.05710129,0.037651,21.3404
SH600880,2013-10-15,576.1929,585.3693,555.0658,564.0288,27087000,727828608.00,0.06541628,0.043134,21.3404
SH600880,2013-10-16,567.8701,572.9918,507.6900,507.9034,45011900,1094213376.00,0.10870570,0.071677,21.3404
SH600880,2013-10-17,507.9034,516.0128,484.2154,489.1238,27733700,643436352.00,0.06697809,0.044163,21.3404
SH600880,2013-10-18,489.3372,507.4766,489.3372,505.3425,17940900,421688448.00,0.04332805,0.028569,21.3404
SH600880,2013-10-21,509.6106,514.5189,494.8857,507.9034,24970500,594704896.00,0.06030484,0.039763,21.3404
SH600880,2013-10-22,505.3425,507.2632,457.1130,457.1130,45195300,1006459264.00,0.10914862,0.071969,21.3404
SH600880,2013-10-23,451.9913,467.9967,443.8819,461.1677,28699600,616398464.00,0.06931078,0.045701,21.3404
SH600880,2013-10-24,463.0884,463.5152,445.1624,448.7902,16818700,356742240.00,0.04061789,0.026782,21.3404
SH600880,2013-10-25,452.4181,454.1254,415.7125,434.7055,36221300,731752768.00,0.08747602,0.057679,21.3404
SH600880,2013-10-28,428.0900,449.2171,428.0900,442.6015,23648200,487914656.00,0.05711143,0.037658,21.3404
SH600880,2013-10-29,444.5221,447.0830,402.9082,427.8766,29169800,581247936.00,0.07044634,0.042688,21.3404
SH600880,2013-10-30,424.6755,451.5645,422.5415,441.7479,25520700,528825312.00,0.06163360,0.037347,21.3404
SH600880,2013-10-31,436.6262,448.1500,429.3704,437.9066,18382100,380103520.00,0.04439357,0.026901,21.3404
SH600880,2013-11-01,433.8519,441.1077,413.5785,429.5838,18620000,373339392.00,0.04496811,0.027249,21.3404
SH600880,2013-11-04,424.6755,434.2787,418.7002,421.6878,13430100,268103776.00,0.03243428,0.019654,21.3404
SH600880,2013-11-05,417.2063,436.8396,412.2980,436.1994,19298100,386981408.00,0.04660575,0.028241,21.3404
SH600880,2013-11-06,431.0776,433.4251,418.4868,419.1270,17925000,358644544.00,0.04328966,0.026232,21.3404
SH600880,2013-11-07,413.5785,422.5415,401.4144,404.4020,17605300,338676384.00,0.04251757,0.025764,21.3404
SH600880,2013-11-08,405.0423,407.8165,390.5307,394.7988,18136900,338998688.00,0.04380140,0.026542,21.3404
SH600880,2013-11-11,396.2927,398.8535,381.9945,384.5554,17568200,319970240.00,0.04242797,0.025710,21.3404
SH600880,2013-11-12,384.5554,399.9205,381.3543,394.1586,19304900,353283904.00,0.04662217,0.028251,21.3404
SH600880,2013-11-13,392.4514,404.6155,388.6101,389.0369,18271300,340864448.00,0.04412598,0.026739,21.3404
SH600880,2013-11-14,386.2626,410.1640,381.5677,403.5484,24573800,461170592.00,0.05934680,0.035962,21.3404
SH600880,2013-11-15,400.1340,421.4744,400.1340,409.3104,28974400,558914752.00,0.06997444,0.042402,21.3404
SH600880,2013-11-18,410.8042,419.3404,407.1763,417.8465,22069600,427335840.00,0.05329904,0.032297,21.3404
SH600880,2013-11-19,419.9806,433.8519,418.2734,422.3280,27659100,551314944.00,0.06679793,0.040477,21.3404
SH600880,2013-11-20,422.5415,424.6755,411.2310,420.1940,15921200,310783200.00,0.03845039,0.023299,21.3404
SH600880,2013-11-21,417.2063,426.8096,412.9382,423.3951,22269700,440767712.00,0.05378230,0.032590,21.3404
SH600880,2013-11-22,423.6085,432.1447,410.8042,424.2487,29589900,585961344.00,0.07146090,0.043302,21.3404
SH600880,2013-11-25,419.1270,434.7055,415.2857,424.6755,23282700,464584864.00,0.05622873,0.034072,21.3404
SH600880,2013-11-26,422.5415,428.9436,416.1393,416.7795,18369100,362156960.00,0.04436218,0.026882,21.3404
SH600880,2013-11-27,419.9806,453.2717,416.1393,440.0406,44044700,900225856.00,0.10636987,0.064456,21.3404
SH600880,2013-11-28,437.4798,440.8943,432.7849,435.1323,20477300,418704672.00,0.04945357,0.029967,21.3404
SH600880,2013-11-29,435.1323,441.1077,433.4251,438.5468,21715500,445218400.00,0.05244388,0.031779,21.3404
SH600880,2013-12-02,420.4074,421.9012,394.7988,394.7988,30998000,589872256.00,0.07486152,0.045363,21.3404
SH600880,2013-12-03,384.1286,390.3173,362.7881,381.5677,28680500,505250656.00,0.06926466,0.041972,21.3404
SH600880,2013-12-04,379.4337,394.5854,377.9399,384.5554,16535200,300891776.00,0.03993323,0.024198,21.3404
SH600880,2013-12-05,384.1286,387.5431,377.7264,379.8605,14309800,256180112.00,0.03455879,0.020941,21.3404
SH600880,2013-12-06,379.8605,388.3967,377.7264,385.1956,11045000,198271824.00,0.02667416,0.016163,21.3404
SH600880,2013-12-09,384.5554,391.3844,384.3420,389.4637,11241600,204224944.00,0.02714895,0.016451,21.3404
SH600880,2013-12-10,391.1709,391.1709,379.6471,381.5677,12471100,223995040.00,0.03011825,0.018250,21.3404
SH600880,2013-12-11,383.9152,388.1833,375.1656,380.2873,13279600,237392704.00,0.03207081,0.019434,21.3404
SH600880,2013-12-12,377.7264,397.9999,376.6594,392.4514,25214800,462341312.00,0.06089484,0.036900,21.3404
SH600880,2013-12-13,387.3297,395.2256,384.1286,388.1833,12868000,234794208.00,0.03107678,0.018831,21.3404
SH600880,2013-12-16,389.2503,397.9999,386.9029,387.7565,16121500,296296896.00,0.03893412,0.023592,21.3404
SH600880,2013-12-17,389.0369,390.1039,363.2149,373.8852,22352000,391087232.00,0.05398105,0.032710,21.3404
SH600880,2013-12-18,371.3243,376.8728,361.7211,368.7634,12117900,209863520.00,0.02926526,0.017734,21.3404
SH600880,2013-12-19,365.3490,375.3790,356.5994,358.9468,16423700,281846464.00,0.03966395,0.024035,21.3404
SH600880,2013-12-20,358.5200,370.8975,353.1849,364.4953,17631200,299979520.00,0.04258012,0.025802,21.3404
SH600880,2013-12-23,363.2149,368.7634,351.2643,352.7581,13837300,231727072.00,0.03341768,0.020250,21.3404
SH600880,2013-12-24,353.8251,361.5077,350.6240,358.3066,12225300,204078576.00,0.02952463,0.017891,21.3404
SH600880,2013-12-25,356.1726,381.9945,355.5323,374.7388,24669400,429234272.00,0.05957768,0.036102,21.3404
SH600880,2013-12-26,373.4584,373.4584,357.4530,357.8798,17179300,294171456.00,0.04148876,0.025140,21.3404
SH600880,2013-12-27,359.5870,368.5500,356.5994,365.5624,12718600,216876288.00,0.03071597,0.018613,21.3404
SH600880,2013-12-30,369.1903,370.6841,363.8551,364.9222,11037200,189654880.00,0.02665532,0.016152,21.3404
SH600880,2013-12-31,362.7881,365.5624,357.0262,362.3613,9753900,165283280.00,0.02355609,0.014274,21.3404
SH600880,2014-01-02,362.7881,369.6171,360.8675,365.7758,11249200,193253952.00,0.02716731,0.016462,21.3404
SH600880,2014-01-03,364.9222,383.9152,363.8551,377.5130,28893300,510429888.00,0.06977858,0.042283,21.3404
SH600880,2014-01-06,375.1656,377.2996,365.9892,367.9098,13658200,237471776.00,0.03298515,0.019988,21.3404
SH600880,2014-01-07,366.8428,377.2996,363.0015,376.2326,12691200,221180096.00,0.03064980,0.018573,21.3404
SH600880,2014-01-08,380.0739,394.7988,376.8728,388.6101,31703300,575078784.00,0.07656485,0.046395,21.3404
SH600880,2014-01-09,392.4514,424.6755,392.4514,403.5484,50065000,962196288.00,0.12090915,0.073266,21.3404
SH600880,2014-01-10,399.0669,413.1516,393.3050,398.6401,28099800,527777760.00,0.06786224,0.041122,21.3404
SH600880,2014-01-13,404.8289,407.1763,393.7318,402.2680,18400100,345053696.00,0.04443704,0.026927,21.3404
SH600880,2014-01-14,403.1216,403.1216,389.0369,399.9205,16313100,301625984.00,0.03939685,0.023873,21.3404
SH600880,2014-01-15,395.6524,405.4691,391.8112,396.2927,19554200,365080032.00,0.04722424,0.028616,21.3404
SH600880,2014-01-16,397.9999,404.4020,390.7441,392.6648,15647500,290721472.00,0.03778939,0.022899,21.3404
SH600880,2014-01-17,392.8782,397.1463,383.2750,383.9152,13315500,243276880.00,0.03215751,0.019486,21.3404
SH600880,2014-01-20,381.9945,382.8482,375.8058,380.9275,11185500,198605168.00,0.02701347,0.016369,21.3404
SH600880,2014-01-21,391.3844,407.3897,386.4760,406.5361,31803000,593476352.00,0.07680563,0.046541,21.3404
SH600880,2014-01-22,407.3897,417.8465,402.9082,416.1393,33468300,647324032.00,0.08082740,0.048978,21.3404
SH600880,2014-01-23,418.4868,452.4181,412.7248,448.5768,57560600,1167238144.00,0.13901136,0.084235,21.3404
SH600880,2014-01-24,448.1500,456.2594,437.2664,446.6562,38977300,816690496.00,0.09413188,0.057040,21.3404
SH600880,2014-01-27,447.7232,491.2578,447.7232,480.3742,67516600,1509852544.00,0.16305553,0.098805,21.3404
SH600880,2014-01-28,473.7586,488.6969,467.3565,487.6299,38602100,862074176.00,0.09322575,0.056491,21.3404
SH600880,2014-01-29,494.0321,506.8364,482.2948,483.5752,34423300,794941824.00,0.08313377,0.050376,21.3404
SH600880,2014-01-30,480.5876,502.7817,480.1608,494.2455,33417000,771717312.00,0.08070351,0.048903,21.3404
SH600880,2014-02-07,494.2455,517.7200,488.6969,512.1715,27051100,642271488.00,0.06532958,0.039587,21.3404
SH600880,2014-02-10,538.8471,554.8524,520.7077,527.9634,45010300,1127962752.00,0.10870183,0.065869,21.3404
SH600880,2014-02-11,522.8417,533.2985,490.6176,503.8487,32752800,786372224.00,0.07909944,0.047931,21.3404
SH600880,2014-02-12,500.4342,514.3055,491.4712,501.0744,21168900,497648992.00,0.05112382,0.030979,21.3404
SH600880,2014-02-13,498.0868,512.1715,483.3618,484.6423,22316600,521044320.00,0.05389556,0.032658,21.3404
SH600880,2014-02-14,484.8557,507.9034,477.5999,507.6900,21331900,492928448.00,0.05151747,0.031217,21.3404
SH600880,2014-02-17,522.8417,524.5489,503.2085,508.1168,32392900,776989056.00,0.07823026,0.047404,21.3404
SH600880,2014-02-18,521.7747,548.4503,514.3055,522.8417,57540000,1435026944.00,0.13896161,0.084205,21.3404
SH600880,2014-02-19,517.9334,517.9334,488.6969,499.1538,38528200,903141056.00,0.09304728,0.056383,21.3404
SH600880,2014-02-20,501.5012,503.8487,480.3742,482.9350,21532700,491938944.00,0.05200241,0.031511,21.3404
SH600880,2014-02-21,482.2948,482.2948,465.2224,474.6122,22816700,504045632.00,0.05510332,0.033390,21.3404
SH600880,2014-02-24,474.6122,480.5876,467.3565,475.2524,17378200,387229504.00,0.04196911,0.025432,21.3404
SH600880,2014-02-25,475.8927,498.9404,452.4181,456.8996,30796900,695261440.00,0.07437585,0.045069,21.3404
SH600880,2014-02-26,452.2047,452.2047,427.6632,444.3087,19790600,407850304.00,0.04779516,0.028962,21.3404
SH600880,2014-02-27,444.9490,465.2224,435.3457,444.5221,17812000,376948576.00,0.04301676,0.026066,21.3404
SH600880,2014-02-28,433.2117,453.0583,415.0723,444.7356,27299400,551174272.00,0.06592924,0.039950,21.3404
SH600880,2014-03-03,442.3881,447.0830,430.8642,446.6562,14440400,297664192.00,0.03487419,0.021132,21.3404
SH600880,2014-03-04,441.7479,447.0830,435.5591,439.1870,10556200,217972016.00,0.02549368,0.015448,21.3404
SH600880,2014-03-05,442.8149,451.5645,439.1870,443.4551,15587700,325900128.00,0.03764497,0.022811,21.3404
SH600880,2014-03-06,447.9366,448.7902,432.1447,444.0953,12060800,250208096.00,0.02912736,0.017650,21.3404
SH600880,2014-03-07,444.9490,459.8873,444.0953,453.9120,19236800,408393728.00,0.04645771,0.028151,21.3404
SH600880,2014-03-10,452.4181,452.4181,424.2487,426.5961,16327100,334036576.00,0.03943066,0.023893,21.3404
SH600880,2014-03-11,426.3827,432.5715,420.1940,423.3951,8419000,168234384.00,0.02033225,0.012321,21.3404
SH600880,2014-03-12,420.4074,434.9189,418.7002,426.3827,11484800,229791232.00,0.02773629,0.016807,21.3404
SH600880,2014-03-13,427.0230,431.7179,421.4744,428.5168,8908200,178362688.00,0.02151369,0.013036,21.3404
SH600880,2014-03-14,428.0900,446.0160,422.9683,438.3334,13737000,280672480.00,0.03317545,0.020103,21.3404
SH600880,2014-03-17,440.4675,460.7409,437.6932,455.8326,17127400,363403904.00,0.04136342,0.025065,21.3404
SH600880,2014-03-18,458.8203,460.3141,446.8696,450.0707,15200600,321977696.00,0.03671011,0.022245,21.3404
SH600880,2014-03-19,447.2964,462.8750,438.9736,443.8819,19307100,407500544.00,0.04662749,0.028254,21.3404
SH600880,2014-03-20,433.6385,433.6385,399.4937,399.4937,44875400,865140800.00,0.10837604,0.065671,21.3404
SH600880,2014-03-21,381.9945,388.3967,363.6417,384.5554,38466700,678461440.00,0.09289876,0.056293,21.3404
SH600880,2014-03-24,386.9029,402.4814,386.9029,389.8905,26087300,481766976.00,0.06300197,0.038177,21.3404
SH600880,2014-03-25,395.0122,400.1340,389.0369,394.1586,13762700,254244816.00,0.03323752,0.020141,21.3404
SH600880,2014-03-26,395.0122,406.3227,393.0916,403.7618,15700400,295633824.00,0.03791715,0.022976,21.3404
SH600880,2014-03-27,405.0423,405.0423,381.9945,383.9152,18133200,331642432.00,0.04379247,0.026536,21.3404
SH600880,2014-03-28,381.9945,386.2626,363.0015,371.5377,18201300,316250176.00,0.04395693,0.026636,21.3404
SH600880,2014-03-31,376.5031,396.1918,372.7035,378.9210,14454400,161668288.00,0.03490801,0.021153,34.5415
SH600880,2014-04-01,373.0489,383.0660,368.2131,379.6118,16014900,174155904.00,0.02417293,0.014648,34.5415
SH600880,2014-04-02,379.9573,381.6843,367.8677,369.5948,17344000,187326144.00,0.02617907,0.015863,34.5415
SH600880,2014-04-03,369.2494,382.0298,364.4136,375.4669,18792700,203512368.00,0.02836574,0.017188,34.5415
SH600880,2014-04-04,374.0852,403.1001,371.3219,399.3005,39191600,440656288.00,0.05915589,0.035846,34.5415
SH600880,2014-04-08,395.8464,410.3538,392.0468,403.7910,34017000,394251008.00,0.05134533,0.031113,34.5415
SH600880,2014-04-09,402.4093,418.2984,401.0276,406.8997,34558700,411097632.00,0.05216298,0.031609,34.5415
SH600880,2014-04-10,411.7355,413.8080,404.4818,410.0084,26171300,310307456.00,0.03950302,0.023937,34.5415
SH600880,2014-04-11,406.5543,407.2451,398.2643,402.7547,27651500,321875328.00,0.04173723,0.025291,34.5415
SH600880,2014-04-14,407.9359,412.0809,402.0639,404.1364,18454500,216740896.00,0.02785526,0.016879,34.5415
SH600880,2014-04-15,400.6822,402.4093,395.8464,397.9189,15822700,182436432.00,0.02388282,0.014472,34.5415
SH600880,2014-04-16,397.5735,402.4093,392.3922,400.3368,13608000,156676384.00,0.02053995,0.012446,34.5415
SH600880,2014-04-17,402.0639,403.1001,391.7014,392.0468,14564400,167774368.00,0.02198354,0.013321,34.5415
SH600880,2014-04-18,393.4285,398.6097,387.9018,391.3560,13600900,154449168.00,0.02052923,0.012440,34.5415
SH600880,2014-04-21,386.8656,389.2835,377.5394,377.8848,19538800,216565792.00,0.02949191,0.017871,34.5415
SH600880,2014-04-22,379.2664,384.4477,368.9040,383.4114,15032000,163941408.00,0.02268933,0.013749,34.5415
SH600880,2014-04-23,382.7206,382.7206,372.3581,374.0852,10431000,113761688.00,0.01574457,0.009541,34.5415
SH600880,2014-04-24,374.7760,385.4839,370.2856,380.3027,16316000,178684912.00,0.02462741,0.014923,34.5415
SH600880,2014-04-25,379.9573,385.8293,370.9765,373.0489,13775300,151307120.00,0.02079247,0.012599,34.5415
SH600880,2014-04-28,367.1769,369.9402,346.1065,347.4882,23004000,238423328.00,0.03472229,0.021040,34.5415
SH600880,2014-04-29,349.2153,351.2878,328.1449,338.1620,30786600,302325728.00,0.04646936,0.028159,34.5415
SH600880,2014-04-30,339.1982,347.8336,336.0895,343.3432,19501800,193453872.00,0.02943606,0.017837,34.5415
SH600880,2014-05-05,341.2707,345.0703,334.7078,344.0340,20288400,199028672.00,0.03062336,0.018556,34.5415
SH600880,2014-05-06,345.7611,358.8869,344.0340,358.5415,33261600,338198080.00,0.05020513,0.030422,34.5415
SH600880,2014-05-07,353.0148,354.0511,343.6886,344.0340,20258900,204363872.00,0.03057883,0.018530,34.5415
SH600880,2014-05-08,341.2707,353.7057,340.2345,345.7611,18390900,185303328.00,0.02775926,0.016821,34.5415
SH600880,2014-05-09,345.4157,347.8336,334.3624,339.5436,13978100,137612192.00,0.02109857,0.012785,34.5415
SH600880,2014-05-12,344.3794,352.3240,341.2707,348.8698,16363300,164751264.00,0.02469880,0.014966,34.5415
SH600880,2014-05-13,348.1790,355.7782,345.7611,349.9061,15116900,153340080.00,0.02281748,0.013826,34.5415
SH600880,2014-05-14,350.9423,355.7782,346.4519,352.6694,14141200,143790224.00,0.02134476,0.012934,34.5415
SH600880,2014-05-15,357.5052,358.5415,344.7249,345.0703,21661400,221129648.00,0.03269576,0.019812,34.5415
SH600880,2014-05-16,344.0340,347.1428,334.3624,338.8528,15974300,157030544.00,0.02411164,0.014611,34.5415
SH600880,2014-05-19,341.2707,345.0703,338.1620,341.9615,10392300,102761720.00,0.01568616,0.009505,34.5415
SH600880,2014-05-20,344.3794,354.0511,343.6886,351.9786,22966000,233092576.00,0.03466493,0.021006,34.5415
SH600880,2014-05-21,351.6332,354.3965,347.1428,353.3603,13493200,137261712.00,0.02036667,0.012341,34.5415
SH600880,2014-05-22,361.3048,368.2131,357.5052,360.2686,40327300,424277472.00,0.06087012,0.036885,34.5415
SH600880,2014-05-23,359.2323,365.7952,354.0511,365.1044,22711400,236335984.00,0.03428064,0.020773,34.5415
SH600880,2014-05-26,365.1044,377.5394,364.0681,374.4306,35154200,378084544.00,0.05306183,0.032153,34.5415
SH600880,2014-05-27,372.3581,377.8848,364.7590,366.4861,27216900,292428640.00,0.04108125,0.024894,34.5415
SH600880,2014-05-28,368.9040,373.0489,360.9594,372.3581,21472500,229044832.00,0.03241064,0.019640,34.5415
SH600880,2014-05-29,373.0489,374.4306,361.3048,365.1044,22430700,238627552.00,0.03385695,0.020516,34.5415
SH600880,2014-05-30,366.1406,372.3581,362.6865,367.1769,18306400,194993696.00,0.02763172,0.016744,34.5415
SH600880,2014-06-03,368.2131,374.4306,365.4498,367.8677,18637400,199492064.00,0.02813133,0.017046,34.5415
SH600880,2014-06-04,366.4861,367.8677,358.8869,364.4136,14356300,150681584.00,0.02166943,0.013131,34.5415
SH600880,2014-06-05,368.2131,401.0276,363.7227,401.0276,78387200,878956288.00,0.11831781,0.071696,34.5415
SH600880,2014-06-06,403.4455,420.3709,397.9189,408.9722,112554600,1332770048.00,0.16989016,0.102946,34.5415
SH600880,2014-06-09,407.5905,440.0596,401.7185,434.5330,99788500,1221741568.00,0.15062098,0.091270,34.5415
SH600880,2014-06-10,428.6609,440.0596,420.7163,435.5692,68868600,857528128.00,0.10395042,0.062990,34.5415
SH600880,2014-06-11,431.0788,437.6417,420.7163,425.5521,55953900,692076096.00,0.08445694,0.051177,34.5415
SH600880,2014-06-12,422.0980,434.5330,413.4626,430.7334,59673800,731808448.00,0.09007177,0.054580,34.5415
SH600880,2014-06-13,429.6971,430.7334,421.0617,424.1705,41014500,505206688.00,0.06190738,0.037513,34.5415
SH600880,2014-06-16,425.2067,435.5692,418.9892,433.1513,55141800,681580992.00,0.08323115,0.050435,34.5415
SH600880,2014-06-17,435.2238,435.2238,423.1342,427.9701,32229700,398775520.00,0.04864758,0.029478,34.5415
SH600880,2014-06-18,432.1150,434.8784,414.4988,417.2622,31492400,387052576.00,0.04753470,0.028804,34.5415
SH600880,2014-06-19,414.8443,418.6438,387.5564,391.7014,44271400,516177248.00,0.06682335,0.040492,34.5415
SH600880,2014-06-20,392.3922,396.8826,384.4477,396.1918,27000100,305502336.00,0.04075401,0.024695,34.5415
SH600880,2014-06-23,397.2281,406.8997,392.0468,402.4093,27565600,320645280.00,0.04160758,0.025212,34.5415
SH600880,2014-06-24,397.2281,412.4263,397.2281,410.6993,38376200,452034240.00,0.05792512,0.035100,34.5415
SH600880,2014-06-25,407.5905,407.5905,392.0468,394.4647,32125700,369327872.00,0.04849060,0.029383,34.5415
SH600880,2014-06-26,394.4647,405.5180,394.1193,401.3730,23066500,267252224.00,0.03481663,0.021097,34.5415
SH600880,2014-06-27,404.1364,407.5905,395.5010,401.3730,20904400,242938768.00,0.03155315,0.019120,34.5415
SH600880,2014-06-30,403.1001,409.3176,399.6460,408.9722,23338400,274018944.00,0.03522703,0.021346,34.5415
SH600880,2014-07-01,413.4626,419.3347,406.8997,416.5713,36845600,440925184.00,0.05561483,0.033700,34.5415
SH600880,2014-07-02,417.6076,421.0617,407.5905,412.7718,25577900,305897792.00,0.03860734,0.023394,34.5415
SH600880,2014-07-03,412.7718,413.4626,403.1001,405.8634,25994300,305495296.00,0.03923585,0.023775,34.5415
SH600880,2014-07-04,406.5543,406.5543,394.8101,400.3368,26156300,302444416.00,0.03948038,0.023923,34.5415
SH600880,2014-07-07,403.1001,403.4455,393.7739,401.7185,16292800,188294496.00,0.02459239,0.014902,34.5415
SH600880,2014-07-08,402.4093,405.5180,396.5372,403.4455,16025200,186419296.00,0.02418847,0.014657,34.5415
SH600880,2014-07-09,402.4093,402.4093,386.8656,387.2110,21782600,248400272.00,0.03287870,0.019923,34.5415
SH600880,2014-07-10,385.1385,388.9381,373.7398,378.5756,22020200,243759168.00,0.03323734,0.020140,34.5415
SH600880,2014-07-11,382.0298,391.3560,379.9573,384.4477,15975000,178439968.00,0.02411270,0.014611,34.5415
SH600880,2014-07-14,385.8293,386.8656,376.1577,385.1385,15491500,171052032.00,0.02338290,0.014169,34.5415
SH600880,2014-07-15,383.7568,384.7931,375.1214,377.8848,16514300,181130656.00,0.02492672,0.015105,34.5415
SH600880,2014-07-16,378.5756,379.6118,364.4136,366.4861,19576900,209977376.00,0.02954942,0.017906,34.5415
SH600880,2014-07-17,365.4498,370.2856,361.9956,366.1406,12410400,131110520.00,0.01873229,0.011351,34.5415
SH600880,2014-07-18,365.7952,367.8677,360.9594,361.6502,10483000,110444552.00,0.01582306,0.009588,34.5415
SH600880,2014-07-21,361.3048,365.1044,357.1598,363.7227,10330600,108355792.00,0.01559303,0.009449,34.5415
SH600880,2014-07-22,358.8869,359.5777,353.0148,358.1961,20923500,216112272.00,0.03158198,0.019137,34.5415
SH600880,2014-07-23,357.5052,357.5052,341.6161,343.3432,28148700,283730400.00,0.04248771,0.025746,34.5415
SH600880,2014-07-24,344.0340,347.8336,336.7803,346.7974,21618700,214602128.00,0.03263131,0.019773,34.5415
SH600880,2014-07-25,346.7974,352.3240,344.7249,350.2515,15479000,156531792.00,0.02336404,0.014158,34.5415
SH600880,2014-07-28,352.3240,360.6140,349.2153,357.5052,21477100,221233968.00,0.03241758,0.019644,34.5415
SH600880,2014-07-29,358.8869,364.7590,356.1236,363.0319,21438500,224636464.00,0.03235932,0.019608,34.5415
SH600880,2014-07-30,367.1769,370.9765,358.5415,364.4136,19119400,200810336.00,0.02885886,0.017487,34.5415
SH600880,2014-07-31,363.7227,373.7398,360.9594,370.9765,25987100,277374080.00,0.03922499,0.023769,34.5415
SH600880,2014-08-01,368.5585,369.5948,359.2323,359.5777,26881100,284332800.00,0.04057439,0.024586,34.5415
SH600880,2014-08-04,360.9594,365.4498,359.9232,363.7227,14141600,148459376.00,0.02134536,0.012934,34.5415
SH600880,2014-08-05,363.7227,380.3027,361.9956,377.5394,37258800,402815776.00,0.05623851,0.034078,34.5415
SH600880,2014-08-06,373.0489,376.1577,370.6310,374.7760,21308600,230232464.00,0.03216325,0.019490,34.5415
SH600880,2014-08-07,374.7760,377.8848,367.8677,369.2494,20351900,219911360.00,0.03071920,0.018615,34.5415
SH600880,2014-08-08,368.9040,373.0489,364.4136,367.1769,18281200,194711840.00,0.02759368,0.016721,34.5415
SH600880,2014-08-11,367.5223,372.3581,366.4861,371.6673,15992100,171371040.00,0.02413851,0.014627,34.5415
SH600880,2014-08-12,371.3219,378.9210,367.1769,376.1577,24068800,260246656.00,0.03632950,0.022014,34.5415
SH600880,2014-08-13,374.0852,382.3752,372.0127,377.8848,26994500,294572160.00,0.04074556,0.024690,34.5415
SH600880,2014-08-14,381.3389,388.9381,378.5756,379.6118,42290400,470659392.00,0.06383322,0.038680,34.5415
SH600880,2014-08-15,379.2664,388.5927,377.5394,386.5202,30958900,344602880.00,0.04672943,0.028316,34.5415
SH600880,2014-08-18,387.2110,412.0809,386.1747,406.5543,71727500,832458048.00,0.10826565,0.065605,34.5415
SH600880,2014-08-19,423.4796,428.3155,401.0276,406.8997,82978900,992888960.00,0.12524853,0.075895,34.5415
SH600880,2014-08-20,411.0447,412.0809,397.2281,398.9551,43402800,504031168.00,0.06551228,0.039698,34.5415
SH600880,2014-08-21,398.6097,434.1875,397.9189,427.2792,93528600,1125240704.00,0.14117227,0.085545,34.5415
SH600880,2014-08-22,421.4072,433.4967,415.1897,419.6801,82912300,1018787200.00,0.12514801,0.075835,34.5415
SH600880,2014-08-25,419.6801,460.0937,415.1897,443.1683,111951900,1418561280.00,0.16898044,0.102395,34.5415
SH600880,2014-08-26,438.6779,440.7504,424.1705,427.9701,72269200,900399488.00,0.10908329,0.066100,34.5415
SH600880,2014-08-27,431.0788,432.8059,417.9530,421.4072,39004000,477691968.00,0.05887272,0.035674,34.5415
SH600880,2014-08-28,421.7526,431.4242,416.2259,416.5713,40240500,493754368.00,0.06073910,0.036805,34.5415
SH600880,2014-08-29,418.9892,420.0255,397.5735,410.3538,36263900,426978976.00,0.05473681,0.033168,34.5415
SH600880,2014-09-01,410.6993,426.5884,404.1364,420.3709,38778000,470655872.00,0.05853160,0.035468,34.5415
SH600880,2014-09-02,423.4796,441.4413,420.0255,432.4605,66550600,832510144.00,0.10045162,0.060870,34.5415
SH600880,2014-09-03,433.1513,449.0404,428.3155,441.7867,76997100,981028864.00,0.11621959,0.070424,34.5415
SH600880,2014-09-04,440.7504,442.1321,433.4967,437.6417,43962700,556541120.00,0.06635740,0.040210,34.5415
SH600880,2014-09-05,438.6779,443.1683,429.0063,431.4242,36969300,464133696.00,0.05580154,0.033813,34.5415
SH600880,2014-09-09,435.2238,460.0937,430.0425,455.6033,81105000,1055436416.00,0.12242007,0.074181,34.5415
SH600880,2014-09-17,449.0404,492.2174,442.1321,464.2387,113432800,1540254080.00,0.17121572,0.103750,34.5415
SH600880,2014-09-18,459.0575,462.5116,444.2046,449.3858,49764700,649837824.00,0.07511495,0.045517,34.5415
SH600880,2014-09-19,450.4221,459.0575,444.2046,453.1854,33182700,433596736.00,0.05008604,0.030350,34.5415
SH600880,2014-09-22,452.4946,453.1854,432.8059,433.4967,36656100,464892320.00,0.05532880,0.033527,34.5415
SH600880,2014-09-23,434.5330,438.6779,432.1150,435.2238,24886100,313649312.00,0.03756313,0.022762,34.5415
SH600880,2014-09-24,435.2238,441.7867,429.0063,440.4050,32863000,414915072.00,0.04960348,0.030058,34.5415
SH600880,2014-09-25,448.3496,457.6758,444.2046,446.9679,48710000,636520896.00,0.07352298,0.044552,34.5415
SH600880,2014-09-26,442.1321,447.6587,440.4050,443.8592,23627500,303374016.00,0.03566340,0.021611,34.5415
SH600880,2014-09-29,443.1683,452.1492,442.1321,447.3133,29873900,387022752.00,0.04509173,0.027324,34.5415
SH600880,2014-09-30,449.3858,458.7121,448.0042,450.4221,36110700,473182144.00,0.05450557,0.033028,34.5415
SH600880,2014-10-08,454.5671,454.5671,445.5863,452.1492,27408000,356433824.00,0.04136970,0.025068,34.5415
SH600880,2014-10-09,461.4754,463.8933,449.0404,453.1854,41921100,553268608.00,0.06327580,0.038343,34.5415
SH600880,2014-10-10,449.7312,450.7675,437.9871,438.6779,40349100,517695520.00,0.06090302,0.036905,34.5415
SH600880,2014-10-13,437.6417,442.8229,435.9146,442.4775,23551900,299371552.00,0.03554929,0.021541,34.5415
SH600880,2014-10-14,440.4050,442.4775,430.0425,431.4242,23512600,297552224.00,0.03548997,0.021505,34.5415
SH600880,2014-10-15,431.7696,438.3325,420.3709,436.6054,30430400,377911808.00,0.04593171,0.027833,34.5415
SH600880,2014-10-16,431.7696,440.0596,428.3155,429.0063,22298000,280681344.00,0.03365665,0.020395,34.5415
SH600880,2014-10-17,427.6246,429.3517,414.1534,417.9530,24659200,299424384.00,0.03722065,0.022554,34.5415
SH600880,2014-10-20,428.6609,434.1875,423.1342,431.7696,20101900,249856640.00,0.03034185,0.018386,34.5415
SH600880,2014-10-21,433.4967,434.5330,421.7526,422.7888,17410800,215256816.00,0.02627990,0.015925,34.5415
SH600880,2014-10-22,423.4796,424.8613,414.8443,416.5713,13672900,166083648.00,0.02063791,0.012506,34.5415
SH600880,2014-10-23,417.6076,419.3347,401.7185,403.4455,18399000,217572592.00,0.02777149,0.016828,34.5415
SH600880,2014-10-24,406.2089,413.8080,402.4093,406.5543,14537500,172078656.00,0.02194293,0.013297,34.5415
SH600880,2014-10-27,404.4818,407.2451,399.6460,404.4818,9764300,114197416.00,0.01473826,0.008931,34.5415
SH600880,2014-10-28,405.1726,415.5351,405.1726,414.8443,15443800,183903104.00,0.02331091,0.014125,34.5415
SH600880,2014-10-29,414.4988,421.0617,408.6268,419.3347,31515700,378383520.00,0.04297409,0.028825,34.5415
SH600880,2014-10-30,416.5713,419.3347,412.4263,413.4626,21298800,255968192.00,0.02904256,0.019481,34.5415
SH600880,2014-10-31,416.2259,416.2259,405.8634,409.3176,21118600,250394000.00,0.02879684,0.019316,34.5415
SH600880,2014-11-03,409.3176,416.5713,408.9722,414.1534,17358600,208170336.00,0.02366979,0.015877,34.5415
SH600880,2014-11-04,412.7718,414.1534,403.1001,405.5180,22409300,264468192.00,0.03055681,0.020496,34.5415
SH600880,2014-11-05,405.1726,405.1726,395.1556,397.2281,23847900,275154496.00,0.03251845,0.021812,34.5415
SH600880,2014-11-06,399.3005,405.8634,396.8826,405.5180,21066400,245506656.00,0.02872566,0.019268,34.5415
SH600880,2014-11-07,411.0447,411.0447,397.9189,400.6822,18489100,216597648.00,0.02521132,0.016911,34.5415
SH600880,2014-11-10,402.4093,412.4263,399.3005,411.0447,21522100,253849872.00,0.02934705,0.019685,34.5415
SH600880,2014-11-11,410.3538,410.6993,387.5564,390.3197,30561800,352971040.00,0.04167338,0.027953,34.5415
SH600880,2014-11-12,390.3197,394.1193,387.9018,393.0831,13338000,151048208.00,0.01818739,0.012199,34.5415
SH600880,2014-11-13,392.7376,392.7376,374.4306,378.2302,27536000,303448800.00,0.03754746,0.025185,34.5415
SH600880,2014-11-14,376.5031,382.7206,375.4669,379.9573,11881800,130353440.00,0.01620175,0.010868,34.5415
SH600880,2014-11-17,379.9573,395.8464,372.3581,390.6652,20885700,235237808.00,0.02847927,0.019103,34.5415
SH600880,2014-11-18,386.5202,393.4285,385.8293,389.6289,11499300,129840240.00,0.01568018,0.010518,34.5415
SH600880,2014-11-19,395.1556,401.7185,394.4647,396.8826,23559800,271498944.00,0.03212561,0.021549,34.5415
SH600880,2014-11-20,394.4647,396.1918,391.3560,392.7376,13379700,152350688.00,0.01824425,0.012238,34.5415
SH600880,2014-11-21,393.7739,409.3176,393.4285,405.5180,32778100,382526976.00,0.04469547,0.029980,34.5415
SH600880,2014-11-24,410.0084,412.0809,400.6822,405.1726,30029800,351499872.00,0.04094795,0.027466,34.5415
SH600880,2014-11-25,407.2451,408.2814,403.1001,407.2451,27051700,317818624.00,0.03688708,0.024742,34.5415
SH600880,2014-11-26,413.1172,413.4626,402.4093,404.8272,24902600,293042496.00,0.03395662,0.022777,34.5415
SH600880,2014-11-27,405.5180,410.3538,400.6822,406.8997,27576600,323714240.00,0.03760282,0.025223,34.5415
SH600880,2014-11-28,406.8997,418.6438,402.0639,410.3538,41793500,496487200.00,0.05698867,0.038226,34.5415
SH600880,2014-12-01,410.3538,411.0447,401.3730,402.7547,23426600,274747744.00,0.03194398,0.021427,34.5415
SH600880,2014-12-02,404.1364,410.3538,401.3730,404.4818,27545000,323031680.00,0.03755974,0.025194,34.5415
SH600880,2014-12-03,405.8634,425.2067,402.7547,423.4796,73784300,888926464.00,0.10061059,0.067486,34.5415
SH600880,2014-12-04,424.8613,429.6971,420.0255,426.5884,53617900,659921856.00,0.07311215,0.049041,34.5415
SH600880,2014-12-05,426.9338,429.6971,397.9189,408.2814,44830100,537527104.00,0.06112930,0.041003,34.5415
SH600880,2014-12-08,407.2451,418.9892,397.2281,409.3176,40875500,484687040.00,0.05573690,0.037386,34.5415
SH600880,2014-12-09,407.5905,432.1150,401.3730,420.7163,94913400,1160006144.00,0.12942175,0.086811,34.5415
SH600880,2014-12-10,425.5521,456.6396,420.7163,451.1129,123885800,1580054528.00,0.16892786,0.113310,34.5415
SH600880,2014-12-11,443.8592,447.6587,432.1150,440.0596,72314600,920009472.00,0.09860654,0.066141,34.5415
SH600880,2014-12-12,439.7142,446.9679,434.5330,441.4413,42927600,547941888.00,0.05853510,0.039263,34.5415
SH600880,2014-12-15,439.3688,448.3496,435.5692,441.7867,41830600,535684672.00,0.05703925,0.038260,34.5415
SH600880,2014-12-16,444.5500,446.2771,431.0788,434.1875,46267500,583197056.00,0.06308931,0.042318,34.5415
SH600880,2014-12-17,431.7696,431.7696,418.2984,422.4434,41976400,515284832.00,0.05723806,0.038393,34.5415
SH600880,2014-12-18,421.7526,431.0788,417.9530,418.6438,31724700,389500256.00,0.04325908,0.029017,34.5415
SH600880,2014-12-19,425.5521,425.8976,398.9551,405.1726,38707000,458545760.00,0.05277998,0.035403,34.5415
SH600880,2014-12-22,403.1001,403.1001,379.2664,386.5202,36277800,409821792.00,0.04946758,0.033181,34.5415
SH600880,2014-12-23,386.5202,396.5372,385.1385,386.5202,21796900,246013504.00,0.02972176,0.019936,34.5415
SH600880,2014-12-24,387.9018,395.1556,386.5202,394.4647,19307500,218081632.00,0.02632727,0.017659,34.5415
SH600880,2014-12-25,393.7739,395.1556,386.8656,392.3922,17418000,197004432.00,0.02375079,0.015931,34.5415
SH600880,2014-12-26,392.3922,401.7185,390.3197,399.6460,23606400,270898336.00,0.03218915,0.021591,34.5415
SH600880,2014-12-29,397.2281,405.8634,391.0106,392.0468,28359600,325877920.00,0.03867051,0.025939,34.5415
SH600880,2014-12-30,387.9018,393.0831,370.2856,371.6673,30961100,340663520.00,0.04221785,0.028318,34.5415
SH600880,2014-12-31,370.2856,375.1214,366.1406,371.3219,17975700,192920224.00,0.02451126,0.016441,34.5415
SH600880,2015-01-05,371.6673,391.0106,364.4136,386.1747,29170700,317881216.00,0.03977650,0.026681,34.5415
SH600880,2015-01-06,382.0298,396.8826,379.9573,392.0468,27456100,308779360.00,0.03743851,0.025112,34.5415
SH600880,2015-01-07,390.3197,394.1193,382.0298,383.7568,19224300,215241760.00,0.02621382,0.017583,34.5415
SH600880,2015-01-08,385.4839,391.0106,383.0660,385.8293,19252800,215941024.00,0.02625268,0.017609,34.5415
SH600880,2015-01-09,386.5202,390.6652,374.7760,377.8848,23556600,263068160.00,0.03212124,0.021546,34.5415
SH600880,2015-01-12,373.0489,381.6843,368.2131,372.7035,19508200,210412288.00,0.02660094,0.017843,34.5415
SH600880,2015-01-13,373.0489,388.9381,369.9402,381.6843,21801000,240350352.00,0.02972735,0.019940,34.5415
SH600880,2015-01-14,382.0298,385.4839,378.5756,383.4114,15440800,170842432.00,0.02105472,0.014123,34.5415
SH600880,2015-01-15,383.7568,385.4839,380.9935,384.7931,12273900,136101120.00,0.01673641,0.011226,34.5415
SH600880,2015-01-16,385.8293,402.7547,383.4114,396.1918,39187200,446211648.00,0.05343477,0.035842,34.5415
SH600880,2015-01-19,383.7568,410.3538,381.3389,391.3560,41797600,481443552.00,0.05699426,0.038230,34.5415
SH600880,2015-01-20,398.9551,416.2259,393.7739,413.8080,61231800,719670784.00,0.08349429,0.056005,34.5415
SH600880,2015-01-21,414.1534,420.3709,407.2451,414.8443,60719600,727307712.00,0.08279587,0.055536,34.5415
SH600880,2015-01-22,414.8443,419.3347,410.3538,418.2984,42219600,507375328.00,0.05756969,0.038616,34.5415
SH600880,2015-01-23,418.2984,418.2984,405.1726,407.2451,31471100,374374304.00,0.04291328,0.028785,34.5415
SH600880,2015-01-26,405.1726,417.2622,404.8272,416.2259,28746400,344203104.00,0.03919794,0.026292,34.5415
SH600880,2015-01-27,416.5713,428.3155,411.0447,417.2622,39565400,480103200.00,0.05395048,0.036188,34.5415
SH600880,2015-01-28,420.7163,439.0234,418.2984,429.6971,82496600,1031213056.00,0.11249049,0.075454,34.5415
SH600880,2015-01-29,421.4072,424.8613,411.3901,416.2259,35989800,435287168.00,0.04907487,0.032918,34.5415
SH600880,2015-01-30,417.6076,423.1342,405.5180,406.2089,33576200,404244416.00,0.04578374,0.030710,34.5415
SH600880,2015-02-02,404.1364,413.1172,399.3005,407.9359,16537800,195177136.00,0.02255057,0.015126,34.5415
SH600880,2015-02-03,412.4263,419.6801,404.8272,416.2259,24566500,294625568.00,0.03349832,0.022469,34.5415
SH600880,2015-02-04,415.1897,417.9530,405.1726,406.5543,24586000,292130848.00,0.03352491,0.022487,34.5415
SH600880,2015-02-05,410.0084,443.5138,407.5905,430.7334,103200500,1284229120.00,0.14072185,0.094391,34.5415
SH600880,2015-02-06,428.6609,436.9509,422.7888,435.9146,70366500,877390400.00,0.09595016,0.064360,34.5415
SH600880,2015-02-09,436.9509,442.4775,418.9892,422.7888,51021300,635317440.00,0.06957148,0.046666,34.5415
SH600880,2015-02-10,418.6438,434.1875,413.1172,433.4967,38390200,470055904.00,0.05234800,0.035113,34.5415
SH600880,2015-02-11,436.6054,441.0958,429.3517,433.4967,50447400,635417536.00,0.06878893,0.046141,34.5415
SH600880,2015-02-12,433.4967,448.6950,430.0425,441.7867,72332800,924161792.00,0.09863136,0.066158,34.5415
SH600880,2015-02-13,439.7142,448.3496,435.5692,447.3133,66732500,853510848.00,0.09099492,0.061036,34.5415
SH600880,2015-02-16,452.4946,466.3112,449.0404,454.2216,106637900,1415376896.00,0.14540902,0.097535,34.5415
SH600880,2015-02-17,454.2216,455.6033,444.5500,446.6225,56131200,729836160.00,0.07653923,0.051340,34.5415
SH600880,2015-02-25,445.5863,446.9679,431.7696,432.8059,46688200,592724160.00,0.06366297,0.042703,34.5415
SH600880,2015-02-26,432.1150,439.7142,430.0425,439.3688,36124500,455309792.00,0.04925855,0.033041,34.5415
SH600880,2015-02-27,439.0234,454.2216,437.9871,444.8954,53283700,688223744.00,0.07265644,0.048735,34.5415
SH600880,2015-03-02,444.8954,469.0745,441.0958,462.8570,81380800,1073642496.00,0.11096901,0.074434,34.5415
SH600880,2015-03-03,458.7121,470.8016,447.6587,453.5308,82825800,1104368256.00,0.11293938,0.075755,34.5415
SH600880,2015-03-04,456.6396,478.4007,454.5671,472.8741,82038200,1118478720.00,0.11186542,0.075035,34.5415
SH600880,2015-03-05,471.1470,475.9828,461.4754,469.7654,54117300,730932736.00,0.07379312,0.049498,34.5415
SH600880,2015-03-06,474.2558,475.2920,445.5863,447.6587,67869100,895177984.00,0.09254476,0.062075,34.5415
SH600880,2015-03-09,445.2408,459.4029,441.4413,455.6033,40422400,529892416.00,0.05511907,0.036972,34.5415
SH600880,2015-03-10,456.6396,467.3474,454.2216,458.0212,39925700,532850496.00,0.05444178,0.036517,34.5415
SH600880,2015-03-11,458.0212,503.9615,449.3858,489.7995,165061200,2311074816.00,0.22507370,0.150971,34.5415
SH600880,2015-03-12,487.3816,493.2536,475.9828,479.7824,100377700,1403303168.00,0.13687275,0.091809,34.5415
SH600880,2015-03-13,481.1641,490.8357,474.2558,489.1086,66821000,938101632.00,0.09111560,0.061117,34.5415
SH600880,2015-03-16,491.5265,500.1619,485.9999,493.5990,73612400,1050526272.00,0.10037619,0.067328,34.5415
SH600880,2015-03-17,496.7078,512.2515,488.0724,496.3624,84268200,1216977280.00,0.11490620,0.077075,34.5415
SH600880,2015-03-18,496.7078,502.2344,488.7632,497.3986,74263600,1062885760.00,0.10126416,0.067924,34.5415
SH600880,2015-03-19,497.7440,498.4349,484.2728,497.3986,74490700,1058817664.00,0.10157382,0.068132,34.5415
SH600880,2015-03-20,497.0532,505.6886,491.8720,499.8165,81831300,1182909952.00,0.11158330,0.074846,34.5415
SH600880,2015-03-23,501.1982,522.6140,499.8165,516.3965,90721500,1341308288.00,0.12370577,0.082977,34.5415
SH600880,2015-03-24,516.7419,522.6140,496.0170,506.3794,91160600,1345077376.00,0.12430452,0.083379,34.5415
SH600880,2015-03-25,509.4882,524.6865,499.1257,521.5777,86065700,1272014208.00,0.11735723,0.078719,34.5415
SH600880,2015-03-26,517.4327,520.8869,504.9978,508.4519,61495700,910928704.00,0.08385414,0.056246,34.5415
SH600880,2015-03-27,506.3794,509.4882,497.0532,502.9253,45416100,660911872.00,0.06192836,0.041539,34.5415
SH600880,2015-03-30,507.7611,511.2152,499.1257,506.7248,50625600,739192832.00,0.06903192,0.046304,34.5415
SH600880,2015-03-31,509.4882,524.3410,504.3069,513.9786,92376800,1381342848.00,0.12596290,0.084491,34.5415
SH600880,2015-04-01,521.5777,523.9956,510.5244,520.5415,72450800,1087152896.00,0.09879226,0.066266,34.5415
SH600880,2015-04-02,525.3773,545.0660,516.0511,540.2302,95044400,1455892224.00,0.12960038,0.086931,34.5415
SH600880,2015-04-03,535.3943,555.4285,531.2494,546.7931,87419700,1378231680.00,0.11920351,0.079957,34.5415
SH600880,2015-04-07,552.3197,557.8464,538.1577,549.5564,75614200,1198594304.00,0.10310580,0.069159,34.5415
SH600880,2015-04-08,550.5926,552.6651,526.7590,537.8123,59577000,928334720.00,0.08123784,0.054491,34.5415
SH600880,2015-04-09,538.5031,538.5031,510.8698,525.7227,57111100,862366720.00,0.07787540,0.052236,34.5415
SH600880,2015-04-10,531.9402,545.7568,527.4498,541.2664,57492000,897877376.00,0.07839478,0.052584,34.5415
SH600880,2015-04-13,541.2664,551.9743,531.9402,546.4477,55951600,878032448.00,0.07629433,0.051175,34.5415
SH600880,2015-04-14,547.4839,547.4839,526.4135,531.9402,50296000,782382272.00,0.06858248,0.046002,34.5415
SH600880,2015-04-15,521.5777,521.5777,484.2728,488.0724,75620700,1099681536.00,0.10311467,0.069165,34.5415
SH600880,2015-04-16,483.5820,498.7803,479.4370,494.6353,38664200,550410304.00,0.05272162,0.035364,34.5415
SH600880,2015-04-17,494.9807,503.9615,493.2536,494.9807,50278600,723811072.00,0.06855876,0.045987,34.5415
SH600880,2015-04-20,490.1449,494.9807,474.9466,477.0191,51660000,725447936.00,0.07044240,0.047250,34.5415
SH600880,2015-04-21,481.1641,500.8528,481.1641,498.7803,44129800,629266496.00,0.06017439,0.040363,34.5415
SH600880,2015-04-22,509.1428,513.2877,501.8890,509.4882,59535800,874733376.00,0.08118166,0.054454,34.5415
SH600880,2015-04-23,509.4882,516.0511,505.3432,514.3240,53053200,785119616.00,0.07234214,0.048524,34.5415
SH600880,2015-04-24,506.0340,513.2877,498.7803,504.6523,42167000,617074176.00,0.05749796,0.038567,34.5415
SH600880,2015-04-27,506.3794,522.6140,500.8528,517.4327,66365500,986196480.00,0.09049449,0.060700,34.5415
SH600880,2015-04-28,517.4327,520.5415,487.0361,494.9807,48933400,712403584.00,0.06672447,0.044756,34.5415
SH600880,2015-04-29,490.4903,506.7248,488.7632,502.5799,31546200,457984832.00,0.04301568,0.028853,34.5415
SH600880,2015-04-30,503.6161,513.2877,499.1257,501.8890,35090400,515862592.00,0.04784847,0.032095,34.5415
SH600880,2015-05-04,503.2707,509.4882,491.8720,507.4157,27863300,402916224.00,0.03799376,0.025485,34.5415
SH600880,2015-05-05,504.3069,526.4135,501.8890,513.6332,79359600,1188225920.00,0.10821295,0.072585,34.5415
SH600880,2015-05-06,516.7419,538.5031,512.9423,520.5415,91772000,1400774784.00,0.12513821,0.083938,34.5415
SH600880,2015-05-07,520.1961,537.4668,511.5607,532.6310,71599600,1091947264.00,0.09763159,0.065488,34.5415
SH600880,2015-05-08,536.7760,552.3197,525.0319,551.2835,90924100,1424824576.00,0.12398204,0.083162,34.5415
SH600880,2015-05-11,555.0830,557.8464,540.5756,556.8101,97471300,1552811264.00,0.13290965,0.089151,34.5415
SH600880,2015-05-12,557.8464,563.3730,541.2664,549.9018,72471200,1156458496.00,0.09882008,0.066285,34.5415
SH600880,2015-05-13,544.7206,604.8229,532.2856,604.8229,114573800,1896283008.00,0.15623023,0.104793,34.5415
SH600880,2015-05-14,602.4050,606.8954,580.6438,583.0617,80003300,1372237952.00,0.10909068,0.073174,34.5415
SH600880,2015-05-15,582.3709,598.6054,576.4988,579.9530,58736700,998747328.00,0.08009203,0.053723,34.5415
SH600880,2015-05-18,576.4988,592.3879,569.9359,570.9722,49684600,832841088.00,0.06774879,0.045443,34.5415
SH600880,2015-05-19,571.3176,592.7334,570.6268,590.6609,44679100,752829952.00,0.06092340,0.040865,34.5415
SH600880,2015-05-20,590.6606,605.9483,577.1102,581.2796,51587500,883668736.00,0.07034354,0.047184,34.7447
SH600880,2015-05-21,585.4489,600.0417,573.2883,596.5673,52544100,888098816.00,0.07164794,0.048059,34.7447
SH600880,2015-05-22,598.9994,621.2360,591.0081,609.7703,65167300,1138066816.00,0.08886065,0.059604,34.7447
SH600880,2015-05-25,607.6856,621.9309,598.3045,614.6345,62161200,1096214144.00,0.08476160,0.056855,34.7447
SH600880,2015-05-26,615.6769,643.8201,615.6769,633.3967,68343500,1238842880.00,0.09319164,0.062509,34.7447
SH600880,2015-05-27,633.3967,633.3967,613.5922,621.9309,55535800,991665024.00,0.07572735,0.050795,34.7447
SH600880,2015-05-28,619.8462,630.6171,559.7378,560.4327,78890500,1365258752.00,0.10757329,0.072156,34.7447
SH600880,2015-05-29,560.0853,571.8985,535.7639,552.7889,54999900,882151616.00,0.07499661,0.050305,34.7447
SH600880,2015-06-01,561.1276,587.1862,556.2633,584.4066,47958400,795129472.00,0.06539498,0.043864,34.7447
SH600880,2015-06-02,585.1015,614.6345,585.1015,613.2447,56585500,981584256.00,0.07715870,0.051755,34.7447
SH600880,2015-06-03,624.0156,674.7429,618.4564,674.7429,101192700,1893067264.00,0.13798406,0.092554,34.7447
SH600880,2015-06-04,687.2510,740.7580,621.2360,733.8090,114002100,2263589888.00,0.15545067,0.104270,34.7447
SH600880,2015-06-05,726.5126,753.9610,694.8949,717.8264,89962600,1872924672.00,0.12267096,0.082283,34.7447
SH600880,2015-06-08,711.9198,711.9198,677.5225,691.7679,59329400,1183799552.00,0.08090022,0.054265,34.7447
SH600880,2015-06-09,690.7255,729.6396,684.4715,703.9285,50375600,1026661376.00,0.06869102,0.046075,34.7447
SH600880,2015-06-10,733.8090,774.4604,712.6147,774.4604,65617100,1423272832.00,0.08947399,0.060016,34.7447
SH600880,2015-06-11,809.5526,851.9411,794.9598,804.3408,128659200,3054830336.00,0.17543676,0.117676,34.7447
SH600880,2015-06-12,809.9000,842.5601,805.7306,810.5949,85328200,2013310208.00,0.11635159,0.078044,34.7447
SH600880,2015-06-15,814.7643,841.5177,797.3919,798.7817,72258900,1701744000.00,0.09853059,0.066091,34.7447
SH600880,2015-06-16,802.6036,802.6036,725.1228,749.0967,61121800,1338080128.00,0.08334430,0.055904,34.7447
SH600880,2015-06-17,749.4441,760.2150,700.8015,751.8763,56906500,1204267776.00,0.07759641,0.052049,34.7447
SH600880,2015-06-18,752.2237,757.0880,701.8438,707.4030,46077600,977127552.00,0.06283037,0.042144,34.7447
SH600880,2015-06-19,682.7342,701.8438,636.5237,636.5237,49138900,938822976.00,0.06700469,0.044944,34.7447
SH600880,2015-06-23,636.8712,654.5910,596.9147,651.4640,49283200,897631616.00,0.06720145,0.045076,34.7447
SH600880,2015-06-24,659.1078,675.0904,638.2610,660.1501,56632300,1072535040.00,0.07722252,0.051798,34.7447
SH600880,2015-06-25,665.7093,666.7516,600.3892,606.2958,44284800,815681088.00,0.06038575,0.040504,34.7447
SH600880,2015-06-26,590.6606,591.3555,545.8399,545.8399,58122500,936808448.00,0.07925452,0.053161,34.7447
SH600880,2015-06-29,555.5685,555.5685,492.3330,523.6033,80592200,1201715712.00,0.10989369,0.073712,34.7447
SH600880,2015-06-30,514.2222,558.0006,472.8760,539.5859,85270900,1279759616.00,0.11627346,0.077992,34.7447
SH600880,2015-07-01,528.1201,544.1027,485.7315,485.7315,72398500,1094693248.00,0.09872095,0.066218,34.7447
SH600880,2015-07-02,470.4438,482.9519,437.0889,437.0889,51189900,666158464.00,0.06980138,0.046820,34.7447
SH600880,2015-07-03,401.3018,443.3429,393.3105,404.0814,81364400,940242944.00,0.11094665,0.074419,34.7447
SH600880,2015-07-06,444.3853,444.3853,363.7775,364.1249,99420800,1099045376.00,0.13556794,0.090934,34.7447
SH600880,2015-07-07,347.1000,347.4474,327.6429,327.6429,49678400,472657984.00,0.06785911,0.045438,34.7447
SH600880,2015-07-10,354.0489,360.3030,342.2357,360.3030,43359900,442208576.00,0.05922824,0.039658,34.7447
SH600880,2015-07-13,396.4375,396.4375,382.1922,396.4375,40595700,462034048.00,0.05545243,0.037130,34.7447
SH600880,2015-07-14,416.9369,436.0465,402.3441,436.0465,118837100,1474201472.00,0.16232769,0.108693,34.7447
SH600880,2015-07-15,416.9369,425.9705,392.6156,392.6156,95289700,1105309312.00,0.13016269,0.087155,34.7447
SH600880,2015-07-16,385.6666,414.8522,354.3964,401.6492,78626600,889244352.00,0.10740143,0.071915,34.7447
SH600880,2015-07-17,404.7763,437.7838,401.6492,433.6144,70621500,855943808.00,0.09646671,0.064593,34.7447
SH600880,2015-07-20,427.3603,449.9444,422.1486,437.4363,87510200,1100982656.00,0.11953614,0.080040,34.7447
SH600880,2015-07-21,423.5384,449.9444,423.1910,443.6904,74376100,934324480.00,0.10159538,0.068027,34.7447
SH600880,2015-07-22,444.0378,456.5459,425.6231,449.5970,85104200,1085682816.00,0.11624962,0.077839,34.7447
SH600880,2015-07-23,451.6817,480.8672,445.4276,472.5285,93063100,1246695808.00,0.12712122,0.085119,34.7447
SH600880,2015-07-24,469.0540,478.7826,447.1648,452.3766,87561800,1172836096.00,0.11960662,0.080087,34.7447
SH600880,2015-07-27,439.5210,477.7402,407.2084,407.2084,93704100,1202171008.00,0.12799681,0.085705,34.7447
SH600880,2015-07-28,382.1922,411.7252,366.5570,382.5396,95464900,1052557248.00,0.13040201,0.087316,34.7447
SH600880,2015-07-29,392.2681,415.8946,368.6417,412.4201,60971100,683498368.00,0.08328458,0.055766,34.7447
SH600880,2015-07-30,404.7763,428.0552,392.6156,394.3528,61074800,722463616.00,0.08342623,0.055861,34.7447
SH600880,2015-07-31,391.2258,406.1660,387.4039,397.1324,45277800,514635808.00,0.06184803,0.041413,34.7447
SH600880,2015-08-03,386.3615,394.3528,358.9132,381.8447,50791000,550539328.00,0.06937888,0.046455,34.7447
SH600880,2015-08-04,383.5820,415.5471,380.4549,413.8099,47720200,548321152.00,0.06518427,0.043647,34.7447
SH600880,2015-08-05,409.2931,415.1997,398.1748,402.3441,43294900,507549568.00,0.05913945,0.039599,34.7447
SH600880,2015-08-06,392.6156,407.2084,387.0564,403.3865,27967800,320776704.00,0.03820312,0.025580,34.7447
SH600880,2015-08-07,409.6405,421.1063,406.5135,419.7165,50282200,601698368.00,0.06868388,0.045990,34.7447
SH600880,2015-08-10,424.9282,444.7327,420.4114,443.3429,59914500,750990720.00,0.08184129,0.054800,34.7447
SH600880,2015-08-11,442.9955,455.1561,436.3940,445.7751,70285200,903626176.00,0.09600734,0.064285,34.7447
SH600880,2015-08-12,437.0889,445.7751,433.6144,436.7414,46643700,590381696.00,0.06371381,0.042662,34.7447
SH600880,2015-08-13,436.7414,455.8510,434.3093,454.8087,53903100,690142336.00,0.07362991,0.049302,34.7447
SH600880,2015-08-14,456.8934,464.8847,451.6817,453.7663,58640000,773863296.00,0.08010037,0.053634,34.7447
SH600880,2015-08-17,449.5970,468.0117,441.2582,466.2745,54243700,709012544.00,0.07409516,0.049613,34.7447
SH600880,2015-08-18,465.5796,468.0117,419.7165,419.7165,59800200,764500288.00,0.08168516,0.054695,34.7447
SH600880,2015-08-19,406.5135,461.7576,382.5396,461.7576,90326300,1112737920.00,0.12338284,0.082616,34.7447
SH600880,2015-08-20,474.6132,502.0615,463.1474,468.3591,165382300,2306500096.00,0.22590694,0.151264,34.7447
SH600880,2015-08-21,452.0291,453.4189,421.4537,421.4537,83986100,1046882304.00,0.11472233,0.076817,34.7447
SH600880,2015-08-24,390.8784,390.8784,379.4126,379.4126,29256800,321106208.00,0.03996385,0.026759,34.7447
SH600880,2015-08-25,341.5408,352.6591,341.5408,341.5408,55510000,546369536.00,0.07582489,0.050771,34.7447
SH600880,2015-08-26,340.1510,350.9219,307.4910,307.4910,81678600,763366080.00,0.11157036,0.074706,34.7447
SH600880,2015-08-27,319.6516,329.7276,291.8558,320.3465,60543600,547321216.00,0.08270062,0.055375,34.7447
SH600880,2015-08-28,324.8633,349.5321,317.9144,348.1423,67346900,641517440.00,0.09199372,0.061598,34.7447
SH600880,2015-08-31,343.9729,343.9729,317.9144,322.4312,47933600,458196064.00,0.06547577,0.043842,34.7447
SH600880,2015-09-01,319.9991,320.6940,290.1186,295.6777,47008000,408887872.00,0.06421143,0.042995,34.7447
SH600880,2015-09-02,277.9579,305.7537,271.0090,290.8135,48831000,407695808.00,0.06670159,0.044663,34.7447
SH600880,2015-09-07,295.3303,315.4823,295.3303,300.8895,34472300,302241280.00,0.04708806,0.031530,34.7447
SH600880,2015-09-08,298.8048,321.3889,296.0252,320.3465,30873400,274576736.00,0.04217208,0.028238,34.7447
SH600880,2015-09-09,325.9057,336.3291,319.6516,330.4225,49370100,467305440.00,0.06743798,0.045156,34.7447
SH600880,2015-09-10,325.9057,329.3802,319.6516,320.6940,30601300,285511072.00,0.04180040,0.027989,34.7447
SH600880,2015-09-11,320.6940,327.2955,314.0925,321.7363,26738600,247675872.00,0.03652407,0.024456,34.7447
SH600880,2015-09-14,325.5582,326.9480,289.4237,289.4237,36327100,318585440.00,0.04962166,0.033226,34.7447
SH600880,2015-09-15,278.3054,283.5171,260.5856,260.5856,37770300,296088160.00,0.05159302,0.034546,34.7447
SH600880,2016-01-18,286.6441,286.6441,286.6441,286.6441,1259000,10386518.00,0.00172100,0.001152,34.7447
SH600880,2016-01-19,315.4823,315.4823,315.4823,315.4823,1107900,10059541.00,0.00151445,0.001013,34.7447
SH600880,2016-01-20,347.1000,347.1000,331.8123,347.1000,130261800,1280316800.00,0.17806237,0.119142,34.7447
SH600880,2016-01-21,334.9393,342.9306,315.4823,316.8720,75823200,722838144.00,0.10364711,0.069351,34.7447
SH600880,2016-01-22,324.5159,346.7525,319.3042,338.4138,79767000,766413568.00,0.10903812,0.072958,34.7447
SH600880,2016-01-25,332.8546,345.7102,325.2108,337.0240,59853700,577145984.00,0.08181748,0.054744,34.7447
SH600880,2016-01-26,330.0750,331.4648,303.3216,303.3216,45968000,419223552.00,0.06283631,0.042044,34.7447
SH600880,2016-01-27,298.8048,302.2792,274.8309,288.3814,49416500,406077024.00,0.06755027,0.045198,34.7447
SH600880,2016-01-28,284.2120,288.0339,263.0177,263.7126,33121200,263515616.00,0.04527528,0.030294,34.7447
SH600880,2016-01-29,259.8907,280.0426,258.1534,275.8732,35779600,279597760.00,0.04890920,0.032725,34.7447
SH600880,2016-02-01,275.1783,276.9156,258.5009,263.7126,29330700,226696864.00,0.04009383,0.026827,34.7447
SH600880,2016-02-02,263.0177,290.1186,262.6702,290.1186,25557800,205310048.00,0.03493643,0.023376,34.7447
SH600880,2016-02-03,285.2543,300.8895,285.2543,298.1099,51867800,437818240.00,0.07090109,0.047440,34.7447
SH600880,2016-02-04,296.7201,302.9741,292.8982,300.5420,51413900,441438880.00,0.07028063,0.047025,34.7447
SH600880,2016-02-05,299.4997,301.5844,286.9916,288.0339,34334900,291110880.00,0.04693436,0.031404,34.7447
SH600880,2016-02-15,275.1783,296.7201,271.7039,295.3303,31132800,254064064.00,0.04255722,0.028475,34.7447
SH600880,2016-02-16,295.3303,322.7786,291.8558,313.0501,50116300,446246400.00,0.06850686,0.045838,34.7447
SH600880,2016-02-17,309.5756,328.3378,305.7537,321.3889,46201900,418302560.00,0.06315604,0.042258,34.7447
SH600880,2016-02-18,321.3889,353.7015,318.6093,353.7015,50201200,494839616.00,0.06862292,0.045916,34.7447
SH600880,2016-02-19,359.9555,364.4723,349.1847,352.6591,88682800,908279296.00,0.12122564,0.081112,34.7447
SH600880,2016-02-22,357.8708,374.5483,353.0066,357.5234,81012500,844979776.00,0.11074066,0.074097,34.7447
SH600880,2016-02-23,352.3117,357.8708,341.5408,348.4898,46752400,469002368.00,0.06390855,0.042761,34.7447
SH600880,2016-02-24,348.4898,371.0738,344.6678,362.3877,63360700,654073344.00,0.08661140,0.057952,34.7447
SH600880,2016-02-25,356.8285,359.9555,326.2531,326.2531,45153900,440914112.00,0.06172347,0.041299,34.7447
SH600880,2016-02-26,326.2531,333.5495,312.7027,332.8546,37744100,355520896.00,0.05159459,0.034522,34.7447
SH600880,2016-02-29,330.7699,332.5072,299.4997,300.8895,36049400,317747424.00,0.04927801,0.032972,34.7447
SH600880,2016-03-01,300.8895,322.0838,285.2543,315.8297,37997300,331969376.00,0.05194070,0.034754,34.7447
SH600880,2016-03-04,347.4474,347.4474,314.7874,316.1771,61885000,591477376.00,0.08459418,0.056602,34.7447
SH600880,2016-03-07,316.1771,335.2868,316.1771,323.4735,35841100,333734816.00,0.04899327,0.032782,34.7447
SH600880,2016-03-08,318.9567,328.6853,297.7624,325.5582,35879300,325067904.00,0.04904549,0.032816,34.7447
SH600880,2016-03-09,315.8297,323.8210,305.4063,309.2282,25933600,234207168.00,0.03545013,0.023720,34.7447
SH600880,2016-03-10,309.2282,325.5582,305.0588,307.1435,30275900,274408448.00,0.04138587,0.027691,34.7447
SH600880,2016-03-11,298.1099,305.0588,293.5931,299.4997,21191200,182402896.00,0.02896747,0.019382,34.7447
SH600880,2016-03-14,306.4486,327.9904,304.0165,319.3042,35627200,324613408.00,0.04870088,0.032586,34.7447
SH600880,2016-03-15,317.5669,318.2618,309.9231,314.4399,22575000,204327072.00,0.03085907,0.020648,34.7447
SH600880,2016-03-16,316.1771,319.9991,306.7961,310.2705,23012100,207677840.00,0.03145657,0.021048,34.7447
SH600880,2016-03-17,310.9654,329.0327,310.9654,324.5159,40629700,375346592.00,0.05553908,0.037161,34.7447
SH600880,2016-03-18,326.6006,351.9642,324.5159,345.7102,60874200,595016768.00,0.08321246,0.055678,34.7447
SH600880,2016-03-21,354.3964,373.5060,342.9306,366.5570,77832500,796293248.00,0.10639374,0.071188,34.7447
SH600880,2016-03-22,357.5234,380.8024,354.0489,362.0402,74007000,784183168.00,0.10116444,0.067689,34.7447
SH600880,2016-03-23,359.6081,389.1411,356.4811,382.8871,80389600,865393408.00,0.10988918,0.073527,34.7447
SH600880,2016-03-24,374.5483,378.7177,359.9555,360.3030,59953300,639320704.00,0.08195363,0.054835,34.7447
SH600880,2016-03-25,358.2183,365.5147,351.2693,360.9979,38356700,396722656.00,0.05243199,0.035082,34.7447
SH600880,2016-03-28,368.2943,377.3279,353.0066,358.9132,42262500,446527904.00,0.05777105,0.038655,34.7447
SH600880,2016-03-29,356.1336,370.0315,355.4387,361.6928,40853800,426155808.00,0.05584542,0.037366,34.7447
SH600880,2016-03-30,365.8621,394.7003,365.8621,390.1835,75290900,823813760.00,0.10291948,0.068864,34.7447
SH600880,2016-03-31,392.6156,404.7763,383.5820,387.7513,76227000,859879168.00,0.10419908,0.069720,34.7447
SH600880,2016-04-01,381.1498,386.0141,372.8111,382.8871,40007200,437021056.00,0.05468815,0.036592,34.7447
SH600880,2016-04-05,385.6666,398.5222,376.9805,394.3528,48873900,548053696.00,0.06680855,0.044702,34.7447
SH600880,2016-04-06,391.2258,405.4711,387.4039,394.7003,47947500,547085824.00,0.06554220,0.043854,34.7447
SH600880,2016-04-07,399.5645,401.3018,368.9892,372.4636,76446900,837301376.00,0.10449968,0.069921,34.7447
SH600880,2016-04-08,364.8198,368.2943,351.2693,358.9132,47524200,492779552.00,0.06496357,0.043467,34.7447
SH600880,2016-04-11,368.2943,375.9381,362.7351,371.0738,54976000,583762368.00,0.07514987,0.050283,34.7447
SH600880,2016-04-12,373.5060,391.5732,366.5570,382.8871,65465200,718959488.00,0.08948816,0.059877,34.7447
SH600880,2016-04-13,385.6666,397.1324,378.7177,382.8871,80540700,901712960.00,0.11009573,0.073665,34.7447
SH600880,2016-04-14,385.6666,402.3441,385.6666,395.7426,73876700,838549504.00,0.10098632,0.067570,34.7447
SH600880,2016-04-15,391.9207,391.9207,382.8871,389.1411,46323900,515818048.00,0.06332281,0.042369,34.7447
SH600880,2016-04-18,380.4549,384.9717,366.5570,368.9892,45614500,489249920.00,0.06235309,0.041721,34.7447
SH600880,2016-04-19,373.1585,374.8958,364.8198,370.3790,28568400,303719968.00,0.03905179,0.026130,34.7447
SH600880,2016-04-20,368.9892,371.0738,334.2444,340.8459,62656800,630714240.00,0.08564920,0.057308,34.7447
SH600880,2016-04-21,339.8036,344.3204,332.1597,333.8970,29096600,284528352.00,0.03977382,0.026613,34.7447
SH600880,2016-04-22,331.4648,339.1087,329.0327,338.4138,23363200,225149088.00,0.03193651,0.021369,34.7447
SH600880,2016-04-25,336.3291,336.3291,326.9480,332.8546,17542000,167307056.00,0.02397917,0.016045,34.7447
SH600880,2016-04-26,335.9817,340.4985,331.4648,340.1510,19990800,193145984.00,0.02732658,0.018284,34.7447
SH600880,2016-04-27,340.4985,342.5832,332.1597,332.8546,22774800,220881232.00,0.03113219,0.020831,34.7447
SH600880,2016-04-28,330.4225,332.8546,317.9144,326.2531,22040800,206720992.00,0.03012884,0.020159,34.7447
SH600880,2016-04-29,321.7363,325.5582,320.3465,323.4735,13446600,125198936.00,0.01838093,0.012299,34.7447
SH600880,2016-05-03,325.5582,344.3204,320.6940,342.5832,35691200,345442176.00,0.04878836,0.032644,34.7447
SH600880,2016-05-04,340.4985,343.6255,336.6765,339.1087,20690800,202351200.00,0.02828345,0.018925,34.7447
SH600880,2016-05-05,339.4561,344.3204,335.2868,343.9729,25626800,251584384.00,0.03503075,0.023439,34.7447
SH600880,2016-05-06,343.2781,344.6678,320.3465,320.6940,39269800,373992192.00,0.05368016,0.035918,34.7447
SH600880,2016-05-09,316.5246,318.6093,301.5844,304.7114,23576400,208903664.00,0.03222794,0.021564,34.7447
SH600880,2016-05-10,304.3639,308.5333,304.0165,306.1012,14825700,130719176.00,0.02026610,0.013560,34.7447
SH600880,2016-05-11,308.8808,309.9231,297.4150,297.7624,19144400,166883552.00,0.02616959,0.017510,34.7447
SH600880,2016-05-12,293.2456,294.6354,283.8645,294.2880,16809100,140113728.00,0.02297733,0.015374,34.7447
SH600880,2016-05-13,295.3303,299.4997,287.3390,291.1609,14027700,118534944.00,0.01917527,0.012830,34.7447
SH600880,2016-05-16,293.5931,299.1522,290.4660,298.4573,14755400,125333240.00,0.02017001,0.013496,34.7447
SH600880,2016-05-17,298.8048,301.5844,291.8558,298.4573,16707200,142777808.00,0.02283804,0.015281,34.7447
SH600880,2016-05-18,294.9829,294.9829,281.4324,285.6018,18183700,150276000.00,0.02485635,0.016631,34.7447
SH600880,2016-05-19,288.0339,297.7624,287.3390,290.4660,21409400,180646976.00,0.02926574,0.019582,34.7447
SH600880,2016-05-20,286.9916,294.9829,285.6018,294.2880,13125700,110020832.00,0.01794228,0.012005,34.7447
SH600880,2016-05-23,295.3303,298.8048,292.8982,298.1099,17880000,152555568.00,0.02444120,0.016354,34.7447
SH600880,2016-05-24,297.0675,297.0675,289.0762,293.9405,14693400,123790936.00,0.02008526,0.013439,34.7447
SH600880,2016-05-25,296.3726,299.8471,290.8135,291.8558,14330700,121817928.00,0.01958946,0.013107,34.7447
SH600880,2016-05-26,291.8558,293.9405,283.1696,292.2033,15152600,125691496.00,0.02071296,0.013859,34.7447
SH600880,2016-05-27,291.5084,294.2880,289.0762,290.8135,11231700,94205232.00,0.01535326,0.010273,34.7447
SH600880,2016-05-30,288.0339,292.8982,285.2543,289.7711,9847400,82149264.00,0.01346098,0.009007,34.7447
SH600880,2016-05-31,290.8135,307.4910,290.1186,306.4486,31700600,274665728.00,0.04333338,0.028994,34.7447
SH600880,2016-06-01,306.4486,309.2282,304.3639,305.7537,21363200,188458848.00,0.02920259,0.019540,34.7447
SH600880,2016-06-02,303.6690,308.8808,302.2792,308.5333,22767200,200496080.00,0.03112180,0.020824,34.7447
SH600880,2016-06-03,308.1859,315.1348,305.0588,313.0501,31256500,279196672.00,0.04272631,0.028588,34.7447
SH600880,2016-06-06,312.0078,315.4823,305.7537,308.5333,20653400,184375520.00,0.02823232,0.018890,34.7447
SH600880,2016-06-07,306.4486,308.5333,304.3639,308.5333,15761600,139001488.00,0.02154544,0.014416,34.7447
SH600880,2016-06-08,308.1859,308.1859,301.5844,305.4063,18728600,164056544.00,0.02560120,0.017130,34.7447
SH600880,2016-06-13,298.8048,300.5420,279.6952,281.0850,24926400,210410560.00,0.03407333,0.022799,34.7447
SH600880,2016-06-14,281.0850,284.9069,276.2207,282.4747,15001000,121384848.00,0.02050573,0.013720,34.7447
SH600880,2016-06-15,277.9579,292.5507,277.2630,290.4660,18543600,153666752.00,0.02534832,0.016961,34.7447
SH600880,2016-06-16,291.5084,291.5084,283.8645,285.6018,16985400,140431136.00,0.02321832,0.015535,34.7447
SH600880,2016-06-17,287.6941,293.2736,286.6479,288.7403,15844200,131580264.00,0.02165835,0.014492,34.8720
SH600880,2016-06-20,289.4377,289.4377,282.4633,287.6941,12997800,106618208.00,0.01776744,0.011888,34.8720
SH600880,2016-06-21,289.4377,293.2736,282.8120,285.6018,14294400,118519424.00,0.01953984,0.013074,34.8720
SH600880,2016-06-22,288.7403,292.9249,287.6941,292.9249,15609600,129819360.00,0.02133766,0.014277,34.8720
SH600880,2016-06-23,291.5300,292.9249,288.0428,290.1351,14174600,118081096.00,0.01937608,0.012965,34.8720
SH600880,2016-06-24,291.1813,293.9711,277.5812,285.9505,22036800,181600256.00,0.03012337,0.020156,34.8720
SH600880,2016-06-27,283.5094,292.9249,283.5094,292.2275,16676600,138539920.00,0.02279621,0.015253,34.8720
SH600880,2016-06-28,289.7864,298.5044,289.7864,298.1557,25881000,218652384.00,0.03537823,0.023672,34.8720
SH600880,2016-06-29,298.8531,300.5967,296.7608,298.1557,19426700,166225120.00,0.02655548,0.017768,34.8720
SH600880,2016-06-30,296.4121,298.5044,293.9711,296.7608,18862300,160060288.00,0.02578397,0.017252,34.8720
SH600880,2016-07-01,295.7147,299.2019,293.2736,295.0172,14898000,126694920.00,0.02036494,0.013626,34.8720
SH600880,2016-07-04,291.5300,302.3403,290.4839,300.5967,23742500,203119680.00,0.03245499,0.021716,34.8720
SH600880,2016-07-05,300.2480,305.4788,298.8531,304.0839,27486100,238017920.00,0.03757234,0.025140,34.8720
SH600880,2016-07-06,303.0378,309.6635,301.6429,304.4327,26967800,235710992.00,0.03686384,0.024666,34.8720
SH600880,2016-07-07,304.7814,304.7814,297.1095,301.9916,21724200,187732112.00,0.02969606,0.019870,34.8720
SH600880,2016-07-08,302.6891,308.9660,301.2942,304.7814,25226600,220992672.00,0.03448370,0.023073,34.8720
SH600880,2016-07-11,307.2224,311.4071,301.9916,302.3403,24714300,217695184.00,0.03378340,0.022605,34.8720
SH600880,2016-07-12,302.6891,306.8737,298.5044,306.1763,22206600,192961280.00,0.03035548,0.020311,34.8720
SH600880,2016-07-13,306.1763,317.3353,305.8275,314.5455,40343800,361566816.00,0.05514827,0.036900,34.8720
SH600880,2016-07-14,313.8481,323.9610,310.3609,322.2174,41784900,380459072.00,0.05711819,0.038218,34.8720
SH600880,2016-07-15,321.5199,321.5199,314.8943,315.5917,25817500,235130400.00,0.03529143,0.023614,34.8720
SH600880,2016-07-18,309.6635,310.0122,303.7352,306.5250,31869400,280374112.00,0.04356412,0.029149,34.8720
SH600880,2016-07-19,305.4788,311.4071,302.3403,310.7096,21372200,188016832.00,0.02921489,0.019548,34.8720
SH600880,2016-07-20,310.3609,319.7763,308.2686,312.8019,33841800,306134752.00,0.04626031,0.030953,34.8720
SH600880,2016-07-21,311.0583,317.3353,309.3147,310.3609,25558100,229534816.00,0.03493684,0.023376,34.8720
SH600880,2016-07-22,308.6173,311.0583,306.5250,306.8737,14019300,123910256.00,0.01916379,0.012823,34.8720
SH600880,2016-07-25,307.2224,311.7558,306.1763,310.0122,12573100,111556488.00,0.01714439,0.011500,34.8720
SH600880,2016-07-26,308.9660,315.2430,308.6173,314.8943,16509200,148048160.00,0.02251157,0.015100,34.8720
SH600880,2016-07-27,315.2430,315.5917,291.5300,295.0172,28325600,245893120.00,0.03862414,0.025908,34.8720
SH600880,2016-07-28,296.0634,296.7608,286.9966,293.2736,17470100,146313968.00,0.02382183,0.015979,34.8720
SH600880,2016-07-29,291.5300,294.3198,288.0428,288.7403,12202900,101582696.00,0.01663960,0.011161,34.8720
SH600880,2016-08-01,288.3915,288.3915,280.0222,284.9043,11094000,90213168.00,0.01512753,0.010147,34.8720
SH600880,2016-08-02,285.2530,287.6941,284.2069,286.9966,7674200,62917368.00,0.01046436,0.007019,34.8720
SH600880,2016-08-03,285.6018,286.9966,284.2069,285.9505,9241300,75725648.00,0.01260123,0.008452,34.8720
SH600880,2016-08-04,286.6479,290.8326,284.5556,289.4377,10296100,84897168.00,0.01403953,0.009417,34.8720
SH600880,2016-08-05,289.4377,289.4377,286.2992,286.6479,7918800,65263684.00,0.01079790,0.007243,34.8720
SH600880,2016-08-08,285.9505,290.8326,283.1607,290.4839,9619000,79377440.00,0.01311625,0.008798,34.8720
SH600880,2016-08-09,290.8326,295.0172,289.4377,294.3198,13254000,111091288.00,0.01807285,0.012123,34.8720
SH600880,2016-08-10,293.6223,294.6685,291.1813,291.8787,10429000,87525984.00,0.01422075,0.009539,34.8720
SH600880,2016-08-11,291.5300,293.2736,286.6479,286.9966,9605600,79717096.00,0.01309798,0.008786,34.8720
SH600880,2016-08-12,287.3454,292.9249,287.3454,292.2275,9413200,78263384.00,0.01283563,0.008610,34.8720
SH600880,2016-08-15,293.2736,301.2942,291.8787,300.9455,24176100,206258352.00,0.03296598,0.022112,34.8720
SH600880,2016-08-16,302.3403,303.3865,299.5506,300.2480,15016300,129608136.00,0.02047589,0.013734,34.8720
SH600880,2016-08-17,300.9455,305.8275,298.1557,302.6891,21542600,186798272.00,0.02937500,0.019704,34.8720
SH600880,2016-08-18,303.3865,304.0839,300.2480,301.6429,15147400,131168496.00,0.02065465,0.013854,34.8720
SH600880,2016-08-19,301.6429,303.0378,299.2019,301.9916,13122000,113466920.00,0.01789286,0.012002,34.8720
SH600880,2016-08-22,302.3403,303.3865,295.7147,296.4121,11348700,97554352.00,0.01547483,0.010380,34.8720
SH600880,2016-08-23,298.1557,304.7814,295.3659,300.9455,14952300,129143920.00,0.02038862,0.013676,34.8720
SH600880,2016-08-24,299.8993,303.0378,297.8070,300.5967,11407200,98350008.00,0.01555460,0.010433,34.8720
SH600880,2016-08-25,298.8531,298.8531,292.5762,296.7608,15166300,128338880.00,0.02068042,0.013872,34.8720
SH600880,2016-08-26,297.4583,305.1301,296.4121,299.8993,22488600,194369040.00,0.03066494,0.020569,34.8720
SH600880,2016-08-29,298.5044,299.8993,295.7147,299.8993,10231900,87427864.00,0.01395199,0.009358,34.8720
SH600880,2016-08-30,299.8993,301.6429,297.8070,299.2019,7510000,64472664.00,0.01024047,0.006869,34.8720
SH600880,2016-08-31,298.5044,299.2019,293.9711,298.1557,12394100,105349256.00,0.01690031,0.011336,34.8720
SH600880,2016-09-01,297.8070,298.5044,293.6223,294.3198,9836100,83579632.00,0.01341228,0.008996,34.8720
SH600880,2016-09-02,294.3198,296.7608,292.9249,293.2736,7131400,60231040.00,0.00972421,0.006523,34.8720
SH600880,2016-09-05,295.0172,296.4121,293.6223,295.3659,8189400,69350664.00,0.01116688,0.007490,34.8720
SH600880,2016-09-06,295.3659,301.9916,291.1813,300.9455,16348800,139326992.00,0.02229285,0.014953,34.8720
SH600880,2016-09-07,299.5506,304.4327,298.8531,299.2019,15928600,137669936.00,0.02171988,0.014569,34.8720
SH600880,2016-09-08,300.2480,304.7814,299.2019,304.0839,18796900,163225632.00,0.02563103,0.017192,34.8720
SH600880,2016-09-09,303.0378,304.4327,299.2019,300.9455,15912400,137614752.00,0.02169779,0.014554,34.8720
SH600880,2016-09-12,294.6685,299.2019,290.8326,291.1813,18798000,158164960.00,0.02563253,0.017193,34.8720
SH600880,2016-09-13,292.9249,293.6223,290.1351,292.9249,8268800,69168528.00,0.01127515,0.007563,34.8720
SH600880,2016-09-14,291.1813,292.2275,288.7403,290.8326,7109700,59323900.00,0.00969463,0.006503,34.8720
SH600880,2016-09-19,290.8326,294.6685,290.8326,292.5762,8025600,67372912.00,0.01094353,0.007341,34.8720
SH600880,2016-09-20,292.5762,292.9249,289.4377,291.5300,6052300,50599032.00,0.00825278,0.005536,34.8720
SH600880,2016-09-21,291.8787,293.9711,290.8326,291.8787,6450100,54012748.00,0.00879521,0.005899,34.8720
SH600880,2016-09-22,293.2736,293.9711,291.5300,292.5762,8351700,70108008.00,0.01138819,0.007639,34.8720
SH600880,2016-09-23,292.5762,293.2736,288.7403,289.0890,8207600,68527808.00,0.01119170,0.007507,34.8720
SH600880,2016-09-26,289.0890,289.0890,283.1607,283.5094,10007400,82082232.00,0.01364586,0.009153,34.8720
SH600880,2016-09-27,283.5094,287.6941,282.1146,286.6479,6540100,53352700.00,0.00891793,0.005982,34.8720
SH600880,2016-09-28,286.9966,286.9966,283.1607,284.5556,6101000,49725524.00,0.00831918,0.005580,34.8720
SH600880,2016-09-29,284.5556,286.2992,283.8582,284.5556,6267400,51232228.00,0.00854608,0.005732,34.8720
SH600880,2016-09-30,284.9043,286.6479,284.2069,285.9505,5495400,44985912.00,0.00749340,0.005026,34.8720
SH600880,2016-10-10,286.9966,291.8787,286.2992,291.5300,9997800,83035376.00,0.01363277,0.009144,34.8720
SH600880,2016-10-11,292.5762,292.9249,290.1351,292.5762,10563300,88352240.00,0.01440388,0.009662,34.8720
SH600880,2016-10-12,290.8326,292.5762,290.4839,291.5300,6791800,56756452.00,0.00926114,0.006212,34.8720
SH600880,2016-10-13,291.8787,292.9249,289.7864,291.1813,10237500,85472416.00,0.01395962,0.009364,34.8720
SH600880,2016-10-14,290.4839,291.8787,289.0890,290.8326,6962800,57941940.00,0.00949432,0.006368,34.8720
SH600880,2016-10-17,291.1813,291.1813,286.6479,287.3454,7551600,62649032.00,0.01029719,0.006907,34.8720
SH600880,2016-10-18,287.3454,292.2275,286.2992,292.2275,10198600,84762232.00,0.01390658,0.009328,34.8720
SH600880,2016-10-19,299.2019,299.2019,292.9249,294.3198,18309800,155016624.00,0.02496683,0.016747,34.8720
SH600880,2016-10-20,295.3659,295.3659,291.8787,292.5762,10016800,84175776.00,0.01365868,0.009162,34.8720
SH600880,2016-10-21,292.9249,295.7147,289.4377,292.5762,12137800,101867608.00,0.01655083,0.011102,34.8720
SH600880,2016-10-24,292.9249,297.1095,291.8787,295.3659,12674200,107075360.00,0.01728225,0.011592,34.8720
SH600880,2016-10-25,295.0172,296.0634,293.9711,295.0172,8793300,74354120.00,0.01199034,0.008043,34.8720
SH600880,2016-10-26,294.6685,295.0172,291.8787,292.9249,9498600,79876448.00,0.01295207,0.008688,34.8720
SH600880,2016-10-27,292.9249,296.7608,291.8787,295.0172,14653000,123818696.00,0.01998050,0.013402,34.8720
SH600880,2016-10-28,293.9711,296.7608,291.1813,291.5300,11556500,97562592.00,0.01575818,0.010570,34.8720
SH600880,2016-10-31,291.5300,292.5762,288.0428,291.5300,9561300,79594544.00,0.01303757,0.008745,34.8720
SH600880,2016-11-01,291.5300,293.9711,290.4839,293.2736,7737100,64810360.00,0.01055013,0.007077,34.8720
SH600880,2016-11-02,292.5762,293.2736,289.7864,289.7864,8108100,67703120.00,0.01105602,0.007416,34.8720
SH600880,2016-11-03,289.7864,294.6685,289.0890,293.2736,11713200,98247296.00,0.01597185,0.010713,34.8720
SH600880,2016-11-04,293.6223,294.6685,291.5300,292.5762,8339700,70061504.00,0.01137183,0.007628,34.8720
SH600880,2016-11-07,292.2275,295.3659,291.1813,294.3198,11050400,93120152.00,0.01506807,0.010107,34.8720
SH600880,2016-11-08,295.7147,296.4121,293.9711,294.3198,12007200,101631888.00,0.01637274,0.010982,34.8720
SH600880,2016-11-09,295.3659,295.3659,287.3454,290.4839,19033500,158829712.00,0.02595365,0.017409,34.8720
SH600880,2016-11-10,292.2275,308.6173,291.8787,303.3865,46154200,396623168.00,0.06293482,0.042214,34.8720
SH600880,2016-11-11,300.9455,316.9866,300.9455,308.2686,60869500,538294460.00,0.08300027,0.055673,34.8720
SH600880,2016-11-14,307.9199,309.6635,303.0378,305.8275,31374600,274672064.00,0.04278169,0.028696,34.8720
SH600880,2016-11-15,305.4788,312.4532,303.7352,310.3609,32766300,289484800.00,0.04467938,0.029969,34.8720
SH600880,2016-11-16,312.4532,314.1968,307.5711,307.5711,25103900,223138048.00,0.03423111,0.022961,34.8720
SH600880,2016-11-17,304.4327,306.1763,302.3403,305.4788,18926800,165033712.00,0.02580815,0.017311,34.8720
SH600880,2016-11-18,305.4788,306.1763,301.6429,301.9916,14345200,124969760.00,0.01956079,0.013121,34.8720
SH600880,2016-11-21,301.9916,304.7814,300.9455,302.3403,12229900,106165192.00,0.01667641,0.011186,34.8720
SH600880,2016-11-22,301.6429,306.5250,301.6429,305.8275,13681200,119350752.00,0.01865537,0.012513,34.8720
SH600880,2016-11-23,305.8275,307.2224,299.8993,301.9916,15960300,138992560.00,0.02176310,0.014598,34.8720
SH600880,2016-11-24,301.9916,303.0378,298.8531,300.2480,11987100,103537768.00,0.01634534,0.010964,34.8720
SH600880,2016-11-25,300.2480,303.0378,296.4121,302.3403,12908400,110976384.00,0.01760160,0.011806,34.8720
SH600880,2016-11-28,302.3403,304.4327,300.2480,303.7352,16503600,143264592.00,0.02250393,0.015095,34.8720
SH600880,2016-11-29,303.0378,304.7814,299.5506,299.8993,15978200,138199888.00,0.02178751,0.014614,34.8720
SH600880,2016-11-30,299.5506,302.3403,298.5044,300.9455,13062100,112435232.00,0.01781118,0.011947,34.8720
SH600880,2016-12-01,301.2942,303.0378,299.8993,301.2942,10294500,88932576.00,0.01403735,0.009416,34.8720
SH600880,2016-12-02,301.6429,302.6891,291.5300,292.5762,18078800,153931232.00,0.02465184,0.016536,34.8720
SH600880,2016-12-05,289.4377,293.2736,288.7403,290.1351,11087000,92443840.00,0.01511798,0.010141,34.8720
SH600880,2016-12-06,290.4839,291.8787,289.0890,289.7864,8057200,67104856.00,0.01098661,0.007369,34.8720
SH600880,2016-12-07,289.7864,292.5762,289.0890,292.2275,8093700,67481120.00,0.01103639,0.007403,34.8720
SH600880,2016-12-08,291.5300,292.5762,288.7403,289.4377,8612900,71814440.00,0.01174435,0.007878,34.8720
SH600880,2016-12-09,289.7864,291.1813,287.3454,290.8326,9254400,76819200.00,0.01261909,0.008464,34.8720
SH600880,2016-12-12,290.1351,290.4839,275.8376,276.5350,17446100,141501648.00,0.02378911,0.015957,34.8720
SH600880,2016-12-13,275.4889,277.9299,273.3966,277.2325,8622600,68216288.00,0.01175758,0.007887,34.8720
SH600880,2016-12-14,276.5350,277.5812,273.3966,275.1402,8238700,65056960.00,0.01123410,0.007535,34.8720
SH600880,2016-12-15,275.1402,279.3248,274.4427,277.2325,8967100,71210480.00,0.01222733,0.008202,34.8720
SH600880,2016-12-16,277.5812,280.0222,276.8838,278.9761,7115800,56825264.00,0.00970294,0.006508,34.8720
SH600880,2016-12-19,294.3198,306.8737,292.2275,306.8737,20387000,176241216.00,0.02779925,0.018647,34.8720
SH600880,2016-12-20,313.4994,313.8481,295.0172,298.1557,82515800,720710144.00,0.11251667,0.075472,34.8720
SH600880,2016-12-21,297.4583,301.9916,292.5762,300.5967,46304600,394759392.00,0.06313990,0.042352,34.8720
SH600880,2016-12-22,297.4583,323.6123,295.0172,311.7558,89088900,791473662.00,0.12147960,0.081484,34.8720
SH600880,2016-12-23,308.9660,320.8225,306.1763,311.7558,67961400,610728324.00,0.09267062,0.062160,34.8720
SH600880,2016-12-26,308.9660,312.8019,299.8993,311.7558,36540900,321088768.00,0.04982634,0.033422,34.8720
SH600880,2016-12-27,310.0122,315.5917,306.8737,307.9199,29727000,264346640.00,0.04053506,0.027189,34.8720
SH600880,2016-12-28,306.8737,318.7302,303.3865,317.6840,54756100,490041056.00,0.07466417,0.050082,34.8720
SH600880,2016-12-29,314.1968,316.9866,308.6173,309.6635,30161900,270785856.00,0.04112808,0.027587,34.8720
SH600880,2016-12-30,310.3609,312.8019,304.4327,305.4788,25617200,226227792.00,0.03493103,0.023430,34.8720
SH600880,2017-01-03,307.5711,312.8019,306.1763,309.6635,20018800,177591568.00,0.02729718,0.018310,34.8720
SH600880,2017-01-04,310.3609,328.4944,305.1301,321.8687,70769200,648391556.00,0.09649927,0.064728,34.8720
SH600880,2017-01-05,318.7302,322.9148,316.6379,320.8225,40096300,368102304.00,0.05467440,0.036673,34.8720
SH600880,2017-01-06,320.4738,326.0533,317.6840,321.8687,39016600,360081248.00,0.05320215,0.035686,34.8720
SH600880,2017-01-09,321.5199,322.5661,316.6379,321.1712,25876900,237349184.00,0.03528515,0.023668,34.8720
SH600880,2017-01-10,322.5661,322.5661,311.4071,312.4532,32133200,291540544.00,0.04381610,0.029390,34.8720
SH600880,2017-01-11,311.7558,316.2891,307.2224,313.4994,25162500,224492240.00,0.03431101,0.023015,34.8720
SH600880,2017-01-12,310.7096,314.1968,303.7352,304.4327,22648500,201007952.00,0.03088298,0.020715,34.8720
SH600880,2017-01-13,303.3865,305.8275,293.9711,295.7147,22132600,190697264.00,0.03017951,0.020243,34.8720
SH600880,2017-01-16,293.2736,295.0172,266.0734,275.4889,36238700,291826432.00,0.04941427,0.033145,34.8720
SH600880,2017-01-17,273.0478,282.4633,268.8632,280.0222,18938400,149747648.00,0.02582397,0.017322,34.8720
SH600880,2017-01-18,277.9299,281.7658,275.8376,277.9299,11554400,92540824.00,0.01575532,0.010568,34.8720
SH600880,2017-01-19,281.4171,285.2530,278.2786,280.0222,13931100,112315176.00,0.01899613,0.012742,34.8720
SH600880,2017-01-20,279.6735,284.5556,277.9299,282.8120,11352600,91964296.00,0.01548015,0.010383,34.8720
SH600880,2017-01-23,282.8120,289.4377,281.7658,288.3915,16748100,137466368.00,0.02283733,0.015318,34.8720
SH600880,2017-01-24,286.9966,288.0428,282.8120,284.2069,9734800,79551928.00,0.01327415,0.008904,34.8720
SH600880,2017-01-25,284.5556,285.6018,282.4633,284.5556,5665300,46168216.00,0.00772507,0.005182,34.8720
SH600880,2017-01-26,284.2069,287.3454,283.1607,284.5556,7325700,59884600.00,0.00998916,0.006700,34.8720
SH600880,2017-02-03,284.9043,286.2992,282.8120,284.2069,4913300,40019444.00,0.00669966,0.004494,34.8720
SH600880,2017-02-06,284.2069,285.6018,281.4171,285.2530,11149600,90677760.00,0.01520334,0.010198,34.8720
SH600880,2017-02-07,284.5556,286.2992,283.1607,284.9043,8316800,67864800.00,0.01134060,0.007607,34.8720
SH600880,2017-02-08,284.9043,286.2992,280.0222,286.2992,12483200,101590688.00,0.01702181,0.011418,34.8720
SH600880,2017-02-09,284.9043,289.7864,284.9043,289.0890,14244400,117650152.00,0.01942334,0.013028,34.8720
SH600880,2017-02-10,288.7403,291.5300,287.3454,290.1351,14051100,116686736.00,0.01915976,0.012852,34.8720
SH600880,2017-02-13,290.1351,292.2275,288.3915,290.1351,13166400,109607504.00,0.01795340,0.012042,34.8720
SH600880,2017-02-14,290.4839,290.8326,288.3915,289.7864,8591300,71236536.00,0.01171490,0.007858,34.8720
SH600880,2017-02-15,290.1351,291.8787,283.8582,284.5556,13851900,114402968.00,0.01888814,0.012669,34.8720
SH600880,2017-02-16,284.5556,288.0428,283.1607,287.3454,10435100,85591952.00,0.01422907,0.009544,34.8720
SH600880,2017-02-17,287.6941,288.3915,282.4633,283.1607,12246700,100088048.00,0.01669932,0.011201,34.8720
SH600880,2017-02-20,282.4633,288.3915,282.1146,287.6941,10443300,85433568.00,0.01424025,0.009552,34.8720
SH600880,2017-02-21,288.3915,290.8326,286.6479,290.4839,11490600,95153232.00,0.01566832,0.010510,34.8720
SH600880,2017-02-22,291.1813,293.6223,289.0890,290.1351,10887600,90806408.00,0.01484608,0.009958,34.8720
SH600880,2017-02-23,290.1351,290.8326,286.6479,288.7403,10619300,87709688.00,0.01448024,0.009713,34.8720
SH600880,2017-02-24,288.0428,293.6223,287.3454,291.8787,16337700,136393696.00,0.02227772,0.014943,34.8720
SH600880,2017-02-27,290.4839,291.1813,287.3454,288.3915,8182900,67901616.00,0.01115802,0.007484,34.8720
SH600880,2017-02-28,288.0428,289.4377,285.6018,288.0428,8060900,66372720.00,0.01099166,0.007373,34.8720
SH600880,2017-03-01,286.6479,290.8326,286.6479,289.4377,11421600,94816648.00,0.01557423,0.010447,34.8720
SH600880,2017-03-02,290.8326,290.8326,286.2992,286.9966,10176500,84065792.00,0.01387644,0.009308,34.8720
SH600880,2017-03-03,287.3454,288.7403,284.9043,286.6479,10299200,84687784.00,0.01404375,0.009420,34.8720
SH600880,2017-03-06,286.2992,289.0890,285.9505,289.0890,9869700,81527312.00,0.01345810,0.009027,34.8720
SH600880,2017-03-07,289.7864,291.5300,288.0428,289.7864,13465800,111908352.00,0.01836166,0.012316,34.8720
SH600880,2017-03-08,292.2275,301.6429,291.5300,295.0172,37523500,319935520.00,0.05116619,0.034320,34.8720
SH600880,2017-03-09,293.2736,297.1095,290.4839,296.0634,19970300,168386480.00,0.02723105,0.018266,34.8720
SH600880,2017-03-10,295.7147,298.5044,292.9249,293.9711,11704400,99005808.00,0.01595985,0.010705,34.8720
SH600880,2017-03-13,294.6685,298.8531,294.3198,298.8531,17365900,147949232.00,0.02367975,0.015883,34.8720
SH600880,2017-03-14,297.1095,298.8531,293.2736,294.6685,12526700,106214888.00,0.01708112,0.011457,34.8720
SH600880,2017-03-15,293.6223,294.6685,291.8787,292.9249,9262000,77833656.00,0.01262945,0.008471,34.8720
SH600880,2017-03-16,293.9711,295.7147,293.2736,294.6685,12076000,101979384.00,0.01646656,0.011045,34.8720
SH600880,2017-03-17,293.6223,297.1095,291.1813,292.5762,13120600,110950032.00,0.01789095,0.012001,34.8720
SH600880,2017-03-20,293.9711,295.7147,292.2275,295.3659,10315000,87016440.00,0.01406530,0.009434,34.8720
SH600880,2017-03-21,294.6685,295.0172,290.1351,291.5300,12218800,102204096.00,0.01666128,0.011176,34.8720
SH600880,2017-03-22,289.7864,290.4839,282.8120,285.2530,17562600,144273408.00,0.02394796,0.016063,34.8720
SH600880,2017-03-23,284.5556,285.9505,281.7658,284.2069,10808100,88063488.00,0.01473768,0.009885,34.8720
SH600880,2017-03-24,284.5556,286.2992,283.8582,286.2992,7733900,63246640.00,0.01054577,0.007074,34.8720
SH600880,2017-03-27,286.6479,286.9966,283.8582,284.5556,7773200,63495160.00,0.01059936,0.007110,34.8720
SH600880,2017-03-28,284.5556,284.9043,282.4633,284.2069,6072100,49390268.00,0.00827978,0.005554,34.8720
SH600880,2017-03-29,284.2069,284.5556,281.7658,282.4633,6952100,56426748.00,0.00947973,0.006359,34.8720
SH600880,2017-03-30,282.4633,282.4633,276.8838,278.9761,11922900,95310040.00,0.01625780,0.010905,34.8720
SH600880,2017-03-31,280.0222,280.3710,277.9299,278.9761,6336400,50688312.00,0.00864017,0.005795,34.8720
SH600880,2017-04-05,277.9299,283.5094,277.5812,283.5094,8271600,66781584.00,0.01127897,0.007566,34.8720
SH600880,2017-04-06,282.4633,286.2992,281.4171,285.2530,9638400,78614480.00,0.01314270,0.008816,34.8720
SH600880,2017-04-07,285.2530,286.2992,282.4633,283.1607,5789600,47237160.00,0.00789457,0.005295,34.8720
SH600880,2017-04-10,283.1607,284.5556,280.0222,281.4171,7572100,61308848.00,0.01032514,0.006926,34.8720
SH600880,2017-04-11,281.7658,282.4633,277.5812,282.1146,10821800,86873200.00,0.01475636,0.009898,34.8720
SH600880,2017-04-12,281.7658,282.1146,279.3248,279.6735,7452600,60032872.00,0.01016220,0.006816,34.8720
SH600880,2017-04-13,278.9761,281.0684,278.2786,279.6735,8281700,66381920.00,0.01129274,0.007575,34.8720
SH600880,2017-04-14,279.6735,279.6735,273.0478,275.1402,10041200,79409448.00,0.01369195,0.009184,34.8720
SH600880,2017-04-17,275.4889,275.4889,268.5145,268.8632,10652754,82886056.00,0.01452585,0.009743,34.8720
SH600880,2017-04-18,269.2119,273.0478,267.4683,268.5145,7702101,59653824.00,0.01050241,0.007045,34.8720
SH600880,2017-04-19,268.5145,271.6530,261.5401,266.7709,9437025,71902376.00,0.01286811,0.008631,34.8720
SH600880,2017-04-20,267.8170,267.8170,260.1452,262.9350,7714060,58327324.00,0.01051872,0.007056,34.8720
SH600880,2017-04-21,263.6324,265.0273,260.8426,262.2375,5224712,39363672.00,0.00712430,0.004779,34.8720
SH600880,2017-04-24,262.5862,262.5862,253.5195,254.5657,8362764,61580112.00,0.01140327,0.007649,34.8720
SH600880,2017-04-25,254.9144,256.6580,253.5195,254.2170,5871600,42908212.00,0.00800638,0.005370,34.8720
SH600880,2017-04-26,251.4272,252.1246,235.3861,241.3143,21697685,151098464.00,0.02958647,0.019845,34.8720
SH600880,2017-04-27,240.6150,241.6641,234.6695,239.9155,12820733,87299016.00,0.01748206,0.011726,34.9731
SH600880,2017-04-28,239.2160,241.6641,238.1668,240.9647,8272451,56808556.00,0.01128013,0.007566,34.9731
SH600880,2017-05-02,240.2652,243.0631,239.9155,240.6150,6122714,42251848.00,0.00834879,0.005600,34.9731
SH600880,2017-05-03,240.6150,241.6641,238.5166,240.2652,4337553,29762000.00,0.00591459,0.003967,34.9731
SH600880,2017-05-04,240.9647,240.9647,238.1668,238.8663,4594508,31458564.00,0.00626497,0.004202,34.9731
SH600880,2017-05-05,238.8663,238.8663,231.1722,232.2214,7269504,48841748.00,0.00991253,0.006649,34.9731
SH600880,2017-05-08,232.2214,232.2214,225.9262,226.2760,8826320,57943768.00,0.01203537,0.008073,34.9731
SH600880,2017-05-09,226.2760,231.1722,224.5273,230.8225,7750342,50698528.00,0.01056819,0.007089,34.9731
SH600880,2017-05-10,231.1722,232.5711,222.4289,223.1284,7269388,47434908.00,0.00991237,0.006649,34.9731
SH600880,2017-05-11,221.3797,222.0792,213.6857,219.9808,12892244,80384392.00,0.01757957,0.011792,34.9731
SH600880,2017-05-12,219.9808,221.3797,216.1338,216.8332,7673265,47823132.00,0.01046309,0.007018,34.9731
SH600880,2017-05-15,216.8332,219.6311,216.1338,218.9316,5452205,33992696.00,0.00743450,0.004987,34.9731
SH600880,2017-05-16,218.5819,222.7787,215.4343,221.7295,8918809,55852812.00,0.01216149,0.008157,34.9731
SH600880,2017-05-17,223.1284,226.6257,222.0792,223.8279,10380319,66591520.00,0.01415437,0.009494,34.9731
SH600880,2017-05-18,222.4289,224.1776,220.3305,220.6803,6311045,40078048.00,0.00860560,0.005772,34.9731
SH600880,2017-05-19,222.4289,235.0193,222.0792,224.5273,17186760,112136608.00,0.02343548,0.015720,34.9731
SH600880,2017-05-22,224.5273,225.5765,218.5819,218.9316,7255537,46187012.00,0.00989349,0.006636,34.9731
SH600880,2017-05-23,217.8824,220.6803,212.9862,214.7349,8047130,49887696.00,0.01097288,0.007360,34.9731
SH600880,2017-05-24,214.3851,216.1338,211.5873,215.4343,6578188,40125452.00,0.00896987,0.006017,34.9731
SH600880,2017-05-25,215.4343,219.9808,210.8878,218.2322,7292343,44953780.00,0.00994367,0.006670,34.9731
SH600880,2017-05-26,217.8824,221.0300,217.5327,218.5819,5703663,35704212.00,0.00777739,0.005217,34.9731
SH600880,2017-05-31,221.7295,221.7295,217.8824,218.2322,4366600,27465402.00,0.00595420,0.003994,34.9731
SH600880,2017-06-01,218.2322,218.2322,210.5381,210.8878,5553606,34015676.00,0.00757277,0.005080,34.9731
SH600880,2017-06-02,210.8878,215.4343,209.4889,213.6857,5413219,32818434.00,0.00738134,0.004951,34.9731
SH600880,2017-06-05,214.7349,216.1338,213.6857,215.0846,6059336,37209020.00,0.00826237,0.005542,34.9731
SH600880,2017-06-06,215.0846,218.5819,212.9862,217.8824,6553576,40506124.00,0.00893631,0.005994,34.9731
SH600880,2017-06-07,217.8824,239.2160,216.8332,230.4728,27211298,178058304.00,0.03710471,0.024888,34.9731
SH600880,2017-06-08,229.7733,233.2706,226.6257,228.0246,12671623,82812528.00,0.01727874,0.011590,34.9731
SH600880,2017-06-09,229.4236,229.4236,222.0792,224.8771,11387345,73214272.00,0.01552752,0.010415,34.9731
SH600880,2017-06-12,223.8279,225.5765,221.7295,223.4781,5943347,37985156.00,0.00810421,0.005436,34.9731
SH600880,2017-06-13,225.5765,229.7733,223.1284,227.6749,8676305,56101984.00,0.01183081,0.007936,34.9731
SH600880,2017-06-14,225.9262,226.2760,223.4781,224.8771,5636105,36189736.00,0.00768526,0.005155,34.9731
SH600880,2017-06-15,227.3252,239.2160,225.2268,232.9209,22264524,148493568.00,0.03035940,0.020364,34.9731
SH600880,2017-06-16,244.4620,251.4566,236.0684,237.1176,25953176,179064096.00,0.03538916,0.023738,34.9731
SH600880,2017-06-19,235.7187,252.5058,232.5711,249.0085,33510712,233915888.00,0.04569444,0.030650,34.9731
SH600880,2017-06-20,244.8117,245.5112,240.9647,241.6641,21891160,152310864.00,0.02985029,0.020022,34.9731
SH600880,2017-06-21,243.0631,247.6096,238.8663,240.6150,13922071,96790712.00,0.01898382,0.012734,34.9731
SH600880,2017-06-22,242.0139,243.0631,233.2706,233.9701,11188940,76068272.00,0.01525698,0.010234,34.9731
SH600880,2017-06-23,233.6203,235.7187,229.7733,233.9701,8204900,54549028.00,0.01118802,0.007504,34.9731
SH600880,2017-06-26,234.3198,236.4182,232.2214,234.3198,10740096,72023856.00,0.01464495,0.009823,34.9731
SH600880,2017-06-27,234.3198,235.3690,231.5219,233.2706,7107018,47424676.00,0.00969097,0.006500,34.9731
SH600880,2017-06-28,233.2706,233.2706,228.7241,229.7733,10943972,72010504.00,0.01492295,0.010010,34.9731
SH600880,2017-06-29,230.4728,231.1722,226.2760,228.0246,11724488,76701816.00,0.01598725,0.010724,34.9731
SH600880,2017-06-30,228.0246,228.7241,225.5765,228.3744,5712623,37123452.00,0.00778960,0.005225,34.9731
SH600880,2017-07-03,228.7241,229.7733,225.2268,229.4236,8820426,57467264.00,0.01202733,0.008067,34.9731
SH600880,2017-07-04,229.0738,230.4728,227.6749,229.4236,6445712,42201304.00,0.00878923,0.005895,34.9731
SH600880,2017-07-05,228.7241,231.5219,228.0246,231.1722,7751790,51053824.00,0.01057016,0.007090,34.9731
SH600880,2017-07-06,230.4728,231.1722,224.8771,227.3252,9295927,60647656.00,0.01267571,0.008502,34.9731
SH600880,2017-07-07,226.9754,227.6749,225.5765,226.9754,6299332,40832832.00,0.00858963,0.005762,34.9731
SH600880,2017-07-10,223.8279,226.2760,223.8279,224.8771,7260966,46762660.00,0.00990089,0.006641,34.9731
SH600880,2017-07-11,224.5273,226.9754,223.8279,224.1776,4934420,31800766.00,0.00672846,0.004513,34.9731
SH600880,2017-07-12,223.4781,225.5765,218.5819,221.7295,8747742,55335512.00,0.01192822,0.008001,34.9731
SH600880,2017-07-13,221.3797,222.7787,219.6311,221.7295,4809471,30454128.00,0.00655809,0.004399,34.9731
SH600880,2017-07-14,221.7295,222.0792,218.9316,219.2814,5226181,32894682.00,0.00712630,0.004780,34.9731
SH600880,2017-07-17,216.1338,216.8332,203.8932,204.2429,13148157,78867184.00,0.01792853,0.012026,34.9731
SH600880,2017-07-18,203.8932,208.0900,203.1937,208.0900,5911099,34871724.00,0.00806024,0.005407,34.9731
SH600880,2017-07-19,208.0900,210.5381,206.3413,210.5381,6060769,36152572.00,0.00826433,0.005543,34.9731
SH600880,2017-07-20,210.5381,212.9862,209.4889,210.1883,5266754,31819156.00,0.00718163,0.004817,34.9731
SH600880,2017-07-21,210.5381,213.3359,209.1392,212.2867,4747125,28713264.00,0.00647307,0.004342,34.9731
SH600880,2017-07-24,212.2867,212.9862,210.5381,212.6365,5556833,33696988.00,0.00757717,0.005082,34.9731
SH600880,2017-07-25,212.6365,212.9862,209.4889,211.5873,5573102,33690260.00,0.00759936,0.005097,34.9731
SH600880,2017-07-26,210.8878,211.9370,208.0900,209.8386,6163347,36951476.00,0.00840420,0.005637,34.9731
SH600880,2017-07-27,210.1883,218.2322,208.4397,217.1830,13059969,80097712.00,0.01780828,0.011945,34.9731
SH600880,2017-07-28,216.1338,224.1776,214.3851,223.4781,16930304,106248120.00,0.02308578,0.015485,34.9731
SH600880,2017-07-31,221.3797,222.7787,218.9316,220.3305,8231413,51938528.00,0.01122417,0.007529,34.9731
SH600880,2017-08-01,221.3797,226.2760,219.2814,224.8771,10697934,68170952.00,0.01458746,0.009785,34.9731
SH600880,2017-08-02,224.5273,225.9262,220.6803,222.7787,7401121,47229640.00,0.01009200,0.006769,34.9731
SH600880,2017-08-03,221.3797,224.1776,220.3305,222.4289,6700620,42553856.00,0.00913681,0.006129,34.9731
SH600880,2017-08-04,222.0792,225.2268,220.6803,222.0792,7214996,45933484.00,0.00983820,0.006599,34.9731
SH600880,2017-08-07,221.7295,225.2268,221.0300,223.1284,5308453,33907564.00,0.00723849,0.004855,34.9731
SH600880,2017-08-08,223.1284,223.4781,217.5327,219.2814,11225365,70660776.00,0.01530665,0.010267,34.9731
SH600880,2017-08-09,219.9808,220.6803,218.2322,219.9808,5709767,35813352.00,0.00778571,0.005222,34.9731
SH600880,2017-08-10,218.9316,219.9808,216.8332,217.5327,5548467,34619416.00,0.00756576,0.005075,34.9731
SH600880,2017-08-11,217.1830,218.5819,215.0846,215.7840,6433689,39902444.00,0.00877283,0.005884,34.9731
SH600880,2017-08-14,215.0846,222.0792,215.0846,221.0300,6574783,41258320.00,0.00896522,0.006014,34.9731
SH600880,2017-08-15,221.3797,223.1284,218.9316,220.3305,4673859,29466872.00,0.00637317,0.004275,34.9731
SH600880,2017-08-16,219.9808,223.4781,218.9316,222.4289,8226904,52179664.00,0.01121802,0.007525,34.9731
SH600880,2017-08-17,222.7787,226.2760,220.6803,224.5273,10925188,69816048.00,0.01489734,0.009993,34.9731
SH600880,2017-08-18,223.1284,224.8771,220.3305,221.3797,6420005,40797900.00,0.00875417,0.005872,34.9731
SH600880,2017-08-21,222.0792,225.2268,221.0300,224.1776,6075821,38821448.00,0.00828485,0.005557,34.9731
SH600880,2017-08-22,223.4781,223.4781,220.6803,221.0300,5551606,35177800.00,0.00757004,0.005078,34.9731
SH600880,2017-08-23,221.3797,221.7295,219.2814,219.9808,4548728,28646832.00,0.00620254,0.004160,34.9731
SH600880,2017-08-24,219.9808,219.9808,217.1830,218.2322,3657423,22885916.00,0.00498718,0.003345,34.9731
SH600880,2017-08-25,218.5819,222.0792,217.8824,221.3797,5694072,35895236.00,0.00776431,0.005208,34.9731
SH600880,2017-08-28,221.0300,223.1284,218.2322,222.4289,7209608,45802360.00,0.00983086,0.006594,34.9731
SH600880,2017-08-29,222.0792,222.7787,219.6311,220.6803,6146665,38891856.00,0.00838145,0.005622,34.9731
SH600880,2017-08-30,221.3797,226.2760,220.6803,224.1776,13100710,83864312.00,0.01786383,0.011982,34.9731
SH600880,2017-08-31,225.5765,225.5765,222.7787,224.8771,7693763,49332208.00,0.01049104,0.007037,34.9731
SH600880,2017-09-01,224.8771,226.2760,222.7787,225.9262,8497458,54574592.00,0.01158694,0.007772,34.9731
SH600880,2017-09-04,226.2760,227.3252,224.1776,225.5765,9242728,59711816.00,0.01260317,0.008454,34.9731
SH600880,2017-09-05,225.5765,225.9262,223.1284,224.8771,6903107,44327992.00,0.00941292,0.006314,34.9731
SH600880,2017-09-06,224.8771,224.8771,221.7295,224.1776,6674749,42614068.00,0.00910154,0.006105,34.9731
SH600880,2017-09-07,224.1776,226.9754,223.1284,224.8771,10851566,69849800.00,0.01479695,0.009925,34.9731
SH600880,2017-09-08,224.5273,225.5765,221.3797,222.7787,7581729,48411576.00,0.01033827,0.006935,34.9731
SH600880,2017-09-11,223.4781,223.8279,221.7295,223.4781,7444907,47421864.00,0.01015171,0.006809,34.9731
SH600880,2017-09-12,222.7787,225.9262,221.3797,224.1776,13342369,85227432.00,0.01819335,0.012203,34.9731
SH600880,2017-09-13,223.8279,225.9262,222.0792,223.1284,8794700,56248792.00,0.01199225,0.008044,34.9731
SH600880,2017-09-14,222.4289,224.1776,221.7295,222.7787,7507719,47848032.00,0.01023735,0.006867,34.9731
SH600880,2017-09-15,223.1284,230.1230,222.0792,229.0738,26114704,169773024.00,0.03560942,0.023885,34.9731
SH600880,2017-09-18,227.3252,230.1230,225.9262,228.0246,15158544,98847160.00,0.02066985,0.013865,34.9731
SH600880,2017-09-19,227.6749,228.7241,225.2268,226.9754,10168516,65977756.00,0.01386556,0.009300,34.9731
SH600880,2017-09-20,226.2760,229.0738,225.5765,228.0246,9332905,60784852.00,0.01272614,0.008536,34.9731
SH600880,2017-09-21,228.7241,228.7241,224.1776,224.5273,8707200,56352200.00,0.01187294,0.007964,34.9731
SH600880,2017-09-22,224.5273,224.5273,221.3797,223.1284,8864131,56448940.00,0.01208693,0.008107,34.9731
SH600880,2017-09-25,223.4781,223.4781,216.8332,217.1830,8937165,56197760.00,0.01218651,0.008174,34.9731
SH600880,2017-09-26,217.1830,219.9808,216.4835,217.5327,5271374,32794920.00,0.00718793,0.004821,34.9731
SH600880,2017-09-27,217.5327,218.5819,217.1830,217.1830,4209686,26213084.00,0.00574023,0.003850,34.9731
SH600880,2017-09-28,217.8824,218.5819,215.7840,216.4835,6222415,38562892.00,0.00848474,0.005691,34.9731
SH600880,2017-09-29,218.2322,218.2322,216.1338,217.1830,5773564,35802328.00,0.00787270,0.005281,34.9731
SH600880,2017-10-09,219.2814,221.0300,217.5327,218.9316,7185471,45057336.00,0.00979794,0.006572,34.9731
SH600880,2017-10-10,218.9316,222.7787,218.2322,221.7295,9330573,58745168.00,0.01272296,0.008534,34.9731
SH600880,2017-10-11,221.0300,224.1776,221.0300,222.4289,7959984,50647864.00,0.01085405,0.007280,34.9731
SH600880,2017-10-12,222.0792,222.4289,219.2814,221.3797,5964826,37704240.00,0.00813350,0.005456,34.9731
SH600880,2017-10-13,221.0300,223.4781,220.3305,221.7295,5984013,37958428.00,0.00815966,0.005473,34.9731
SH600880,2017-10-16,221.0300,221.7295,215.0846,215.4343,9307662,58074236.00,0.01269172,0.008513,34.9731
SH600880,2017-10-17,215.7840,217.5327,215.0846,215.7840,4899250,30278804.00,0.00668051,0.004481,34.9731
SH600880,2017-10-18,215.7840,217.1830,212.6365,213.3359,4565822,28078132.00,0.00622585,0.004176,34.9731
SH600880,2017-10-19,213.3359,214.7349,209.1392,209.8386,7337861,44284736.00,0.01000574,0.006711,34.9731
SH600880,2017-10-20,210.1883,211.9370,208.0900,211.5873,3943245,23735352.00,0.00537692,0.003607,34.9731
SH600880,2017-10-23,211.5873,211.9370,209.8386,211.5873,4180553,25195704.00,0.00570051,0.003824,34.9731
SH600880,2017-10-24,211.5873,211.5873,209.4889,210.8878,3923598,23589924.00,0.00535013,0.003589,34.9731
SH600880,2017-10-25,210.5381,211.5873,209.8386,211.5873,4015610,24193506.00,0.00547559,0.003673,34.9731
SH600880,2017-10-26,211.2375,212.6365,210.5381,211.9370,4527185,27401344.00,0.00617317,0.004141,34.9731
SH600880,2017-10-27,211.5873,212.2867,209.8386,211.9370,5324495,32102122.00,0.00726036,0.004870,34.9731
SH600880,2017-10-30,210.5381,211.2375,203.8932,205.2921,7164715,42336656.00,0.00976964,0.006553,34.9731
SH600880,2017-10-31,205.2921,206.6910,202.8440,206.3413,5237356,30727800.00,0.00714154,0.004790,34.9731
SH600880,2017-11-01,206.3413,206.3413,204.9424,205.2921,4408409,25915840.00,0.00601121,0.004032,34.9731
SH600880,2017-11-02,204.5926,206.3413,201.0953,201.4451,7470924,43225236.00,0.01018718,0.006833,34.9731
SH600880,2017-11-03,200.7456,202.8440,197.2483,198.6472,5677630,32466928.00,0.00774189,0.005193,34.9731
SH600880,2017-11-06,199.6964,200.3959,196.1991,200.0461,4894721,27786326.00,0.00667433,0.004477,34.9731
SH600880,2017-11-07,199.3467,201.0953,198.6472,200.7456,3967565,22672344.00,0.00541008,0.003629,34.9731
SH600880,2017-11-08,199.6964,204.9424,199.3467,202.1445,6095484,35373092.00,0.00831166,0.005575,34.9731
SH600880,2017-11-09,202.8440,203.5435,201.7948,202.8440,4316389,25001960.00,0.00588573,0.003948,34.9731
SH600880,2017-11-10,202.4943,203.8932,201.7948,203.1937,5051351,29309220.00,0.00688791,0.004620,34.9731
SH600880,2017-11-13,202.1445,204.2429,200.3959,202.8440,7829673,45312768.00,0.01067636,0.007161,34.9731
SH600880,2017-11-14,202.4943,203.1937,198.2975,199.3467,5509424,31606922.00,0.00751253,0.005039,34.9731
SH600880,2017-11-15,199.3467,199.3467,196.8986,198.2975,4294843,24327572.00,0.00585635,0.003928,34.9731
SH600880,2017-11-16,198.6472,200.0461,197.9478,198.6472,3620283,20604840.00,0.00493654,0.003311,34.9731
SH600880,2017-11-17,199.3467,199.6964,188.8547,189.2045,9407616,52062808.00,0.01282801,0.008605,34.9731
SH600880,2017-11-20,188.8547,188.8547,183.6088,186.7564,5706736,30310388.00,0.00778158,0.005220,34.9731
SH600880,2017-11-21,186.4066,187.8056,185.0077,186.0569,3665522,19529476.00,0.00499822,0.003353,34.9731
SH600880,2017-11-22,186.4066,187.8056,185.7072,186.7564,3400303,18153810.00,0.00463658,0.003110,34.9731
SH600880,2017-11-23,186.7564,187.4558,180.1115,180.4612,7280729,38153756.00,0.00992784,0.006659,34.9731
SH600880,2017-11-24,179.4120,181.5104,179.0623,180.8109,3901092,20139582.00,0.00531944,0.003568,34.9731
SH600880,2017-11-27,180.1115,181.5104,179.7617,180.8109,3372480,17436356.00,0.00459864,0.003085,34.9731
SH600880,2017-11-28,180.8109,183.2591,180.1115,182.5596,2985980,15556821.00,0.00407161,0.002731,34.9731
SH600880,2017-11-29,182.2099,183.2591,180.4612,182.5596,3387720,17585756.00,0.00461942,0.003099,34.9731
SH600880,2017-11-30,181.8601,182.5596,180.8109,181.1607,2476464,12861896.00,0.00337685,0.002265,34.9731
SH600880,2017-12-01,181.5104,191.3029,180.8109,189.5542,11977610,64107488.00,0.01633240,0.010955,34.9731
SH600880,2017-12-04,187.8056,188.1553,183.9585,184.6580,5880150,31291440.00,0.00801804,0.005378,34.9731
SH600880,2017-12-05,183.9585,190.2537,182.9093,187.8056,8526795,45621552.00,0.01162694,0.007799,34.9731
SH600880,2017-12-06,187.4558,193.7510,186.4066,191.3029,10206867,55677096.00,0.01391785,0.009336,34.9731
SH600880,2017-12-07,191.3029,196.5488,190.6034,193.7510,11585192,64425044.00,0.01579730,0.010596,34.9731
SH600880,2017-12-08,193.7510,198.9970,191.6526,197.2483,6961323,38818172.00,0.00949230,0.006367,34.9731
SH600880,2017-12-11,196.5488,197.2483,193.7510,195.1499,5312047,29631312.00,0.00724339,0.004859,34.9731
SH600880,2017-12-12,194.8002,198.2975,190.9531,192.7018,10331200,57571392.00,0.01408739,0.009449,34.9731
SH600880,2017-12-13,194.1007,194.8002,190.2537,192.3521,3792302,20863506.00,0.00517110,0.003469,34.9731
SH600880,2017-12-14,192.0023,194.4504,189.5542,191.6526,5720848,31379988.00,0.00780082,0.005232,34.9731
SH600880,2017-12-15,192.0023,192.7018,189.5542,190.6034,3855062,21043068.00,0.00525667,0.003526,34.9731
SH600880,2017-12-18,191.6526,195.8494,189.5542,195.1499,8279289,45746236.00,0.01128945,0.007573,34.9731
SH600880,2017-12-19,195.1499,196.1991,193.7510,194.1007,6780468,37760812.00,0.00924569,0.006202,34.9731
SH600880,2017-12-20,193.4013,194.1007,186.0569,186.4066,6595100,35635196.00,0.00899293,0.006032,34.9731
SH600880,2017-12-21,186.0569,186.0569,181.5104,185.3574,4965283,26143728.00,0.00677055,0.004541,34.9731
SH600880,2017-12-22,184.3082,191.3029,183.6088,189.2045,5740020,30808150.00,0.00782696,0.005250,34.9731
SH600880,2017-12-25,189.5542,190.6034,183.2591,183.6088,3822600,20380092.00,0.00521241,0.003496,34.9731
SH600880,2017-12-26,183.6088,186.0569,183.2591,184.3082,3115712,16428643.00,0.00424851,0.002850,34.9731
SH600880,2017-12-27,184.3082,185.3574,181.8601,183.2591,2686311,14122036.00,0.00366299,0.002457,34.9731
SH600880,2017-12-28,184.3082,185.3574,182.5596,183.2591,3654543,19219216.00,0.00498325,0.003343,34.9731
SH600880,2017-12-29,182.5596,186.7564,182.2099,184.3082,5099101,26843376.00,0.00695302,0.004664,34.9731
SH600880,2018-01-02,183.9585,187.8056,183.6088,186.4066,4655617,24727032.00,0.00634829,0.004258,34.9731
SH600880,2018-01-03,185.7072,188.8547,185.7072,187.8056,4929480,26406462.00,0.00672173,0.004509,34.9731
SH600880,2018-01-04,187.8056,189.5542,185.7072,187.8056,5166332,27720080.00,0.00704469,0.004725,34.9731
SH600880,2018-01-05,187.1061,187.8056,185.7072,187.1061,3907582,20869744.00,0.00532829,0.003574,34.9731
SH600880,2018-01-08,187.4558,187.8056,183.9585,185.7072,6851856,36376088.00,0.00934304,0.006267,34.9731
SH600880,2018-01-09,186.0569,198.9970,185.3574,193.4013,16057155,88335080.00,0.02189517,0.014686,34.9731
SH600880,2018-01-10,192.0023,195.1499,188.8547,192.7018,11315723,62019120.00,0.01542986,0.010350,34.9731
SH600880,2018-01-11,190.9531,192.3521,188.5050,192.0023,7058391,38425688.00,0.00962466,0.006456,34.9731
SH600880,2018-01-12,192.7018,192.7018,189.9039,189.9039,3919432,21439274.00,0.00534445,0.003585,34.9731
SH600880,2018-01-15,189.2045,189.9039,182.5596,183.9585,6560305,34954020.00,0.00894548,0.006000,34.9731
SH600880,2018-01-16,183.9585,185.7072,183.2591,184.6580,3581651,18876206.00,0.00488386,0.003276,34.9731
SH600880,2018-01-17,184.6580,189.5542,182.5596,186.4066,5583001,29650586.00,0.00761285,0.005106,34.9731
SH600880,2018-01-18,185.0077,189.5542,185.0077,187.4558,4514043,24252352.00,0.00615525,0.004129,34.9731
SH600880,2018-01-19,188.1553,189.2045,185.0077,185.7072,5470451,29254958.00,0.00745938,0.005003,34.9731
SH600880,2018-01-22,184.6580,188.1553,183.2591,187.4558,5387766,28699288.00,0.00734664,0.004928,34.9731
SH600880,2018-01-23,187.1061,188.1553,185.7072,187.1061,3678175,19635686.00,0.00501548,0.003364,34.9731
SH600880,2018-01-24,187.8056,188.5050,185.3574,188.1553,7120065,38167176.00,0.00970876,0.006512,34.9731
SH600880,2018-01-25,187.4558,192.3521,186.7564,188.8547,9306086,50560472.00,0.01268957,0.008512,34.9731
SH600880,2018-01-26,187.8056,189.5542,185.7072,187.1061,6344661,34000072.00,0.00865144,0.005803,34.9731
SH600880,2018-01-29,187.1061,188.1553,182.2099,183.9585,6825760,35986332.00,0.00930745,0.006243,34.9731
SH600880,2018-01-30,183.9585,183.9585,181.8601,182.5596,3617942,18921884.00,0.00493334,0.003309,34.9731
SH600880,2018-01-31,181.8601,181.8601,173.4666,175.2152,12281882,62033916.00,0.01674729,0.011233,34.9731
SH600880,2018-02-01,175.5650,175.9147,162.6249,165.4228,11417436,54636832.00,0.01556856,0.010443,34.9731
SH600880,2018-02-02,164.7233,164.7233,157.3789,161.9255,8223262,37866900.00,0.01121305,0.007521,34.9731
SH600880,2018-02-05,160.8763,161.9255,158.4281,160.5265,4684607,21448500.00,0.00638782,0.004285,34.9731
SH600880,2018-02-06,159.4773,160.1768,148.2859,148.9854,8079505,35950184.00,0.01101703,0.007390,34.9731
SH600880,2018-02-07,152.4827,152.8324,147.5865,150.3843,6894877,29679320.00,0.00940170,0.006306,34.9731
SH600880,2018-02-08,150.3843,154.9308,150.3843,153.5319,3766327,16516154.00,0.00513568,0.003445,34.9731
SH600880,2018-02-09,151.4335,152.1330,148.2859,149.3351,6106646,26195304.00,0.00832688,0.005585,34.9731
SH600880,2018-02-12,150.7341,155.6303,150.7341,152.8324,7147966,31309892.00,0.00974680,0.006538,34.9731
SH600880,2018-02-13,153.8816,154.9308,151.0838,151.7833,6592561,28870974.00,0.00898947,0.006030,34.9731
SH600880,2018-02-14,152.1330,152.4827,150.0346,151.0838,4110393,17753762.00,0.00560484,0.003760,34.9731
SH600880,2018-02-22,152.4827,153.8816,151.7833,153.5319,4442065,19434784.00,0.00605710,0.004063,34.9731
SH600880,2018-02-23,153.5319,154.9308,152.8324,154.9308,3424621,15072432.00,0.00466974,0.003132,34.9731
SH600880,2018-02-26,155.2806,159.4773,155.2806,158.0784,7142520,32196772.00,0.00973938,0.006533,34.9731
SH600880,2018-02-27,158.7779,160.8763,157.7287,159.1276,8194002,37409856.00,0.01117315,0.007495,34.9731
SH600880,2018-02-28,159.1276,161.5757,157.0292,159.8271,5340936,24434652.00,0.00728278,0.004885,34.9731
SH600880,2018-03-01,159.8271,168.2206,158.7779,166.8217,11597966,54704292.00,0.01581472,0.010608,34.9731
SH600880,2018-03-02,166.4720,169.6195,164.7233,167.8709,6672492,31869044.00,0.00909846,0.006103,34.9731
SH600880,2018-03-05,167.1714,168.5703,165.0730,165.4228,4358004,20702298.00,0.00594248,0.003986,34.9731
